0 0.17734375 0.56953125 0.01171875 0.01796875
0 0.16953125 0.00546875 0.00703125 0.0109375
0 0.16640625 0.0796875 0.00859375 0.01015625
0 0.17421875 0.0734375 0.00859375 0.009375
0 0.2078125 0.00625 0.0078125 0.0078125
0 0.20625 0.1703125 0.00625 0.01171875
0 0.21328125 0.128125 0.0046875 0.01015625
0 0.2328125 0.10546875 0.009375 0.0078125
0 0.5796875 0.5328125 0.0078125 0.0125
0 0.68359375 0.51328125 0.009375 0.00859375
0 0.69375 0.55078125 0.00859375 0.01484375
0 0.69609375 0.56171875 0.00859375 0.0046875
0 0.74375 0.53671875 0.01171875 0.0109375
0 0.678125 0.61796875 0.01171875 0.00859375
0 0.76875 0.6140625 0.0078125 0.0140625
0 0.7984375 0.58046875 0.0078125 0.009375
0 0.740625 0.5515625 0.009375 0.0078125
0 0.73203125 0.55625 0.00859375 0.01171875