0 0.4015625 0.77734375 0.21640625 0.1703125
0 0.6078125 0.7125 0.1515625 0.1609375
0 0.77734375 0.79296875 0.240625 0.24765625
0 0.71171875 0.58984375 0.1390625 0.1296875
0 0.6140625 0.54453125 0.1109375 0.103125
0 0.70703125 0.52265625 0.10078125 0.07421875
0 0.47734375 0.61328125 0.1734375 0.12734375
0 0.396875 0.525 0.125 0.1109375
0 0.28984375 0.5015625 0.13671875 0.103125
0 0.3765625 0.45703125 0.06015625 0.071875
0 0.4328125 0.4640625 0.11796875 0.071875
0 0.4953125 0.5296875 0.1203125 0.0984375
0 0.57109375 0.475 0.09140625 0.09375
0 0.62109375 0.459375 0.09609375 0.0796875
0 0.5328125 0.4328125 0.0765625 0.08203125
0 0.47734375 0.3921875 0.04296875 0.06015625
0 0.43359375 0.4046875 0.06484375 0.06953125
0 0.5171875 0.38203125 0.04296875 0.0578125
0 0.43515625 0.353125 0.06484375 0.040625
0 0.46484375 0.33515625 0.06484375 0.06484375
0 0.49609375 0.3109375 0.04296875 0.0453125