0 0.1359375 0.58671875 0.01640625 0.01640625
0 0.1265625 0.5203125 0.0125 0.0234375
0 0.3109375 0.8875 0.01015625 0.02265625
0 0.340625 0.90078125 0.01484375 0.01484375
0 0.32265625 0.89296875 0.00546875 0.01796875
0 0.32734375 0.9015625 0.00703125 0.01328125
0 0.33359375 0.89609375 0.00703125 0.0125
0 0.31328125 0.91875 0.0078125 0.0109375
0 0.30234375 0.865625 0.0109375 0.01484375
0 0.875 0.78046875 0.0171875 0.01953125
0 0.7125 0.8125 0.01484375 0.01796875
0 0.7140625 0.8984375 0.01015625 0.0109375
0 0.75078125 0.88828125 0.015625 0.0203125
0 0.775 0.80859375 0.01328125 0.00859375
0 0.79609375 0.84765625 0.00625 0.01328125
0 0.81640625 0.9546875 0.0109375 0.0234375
0 0.57578125 0.91328125 0.01796875 0.01484375
0 0.66484375 0.95546875 0.01171875 0.01015625
0 0.66171875 0.96171875 0.009375 0.00546875