0 0.721875 0.26640625 0.0078125 0.01328125
0 0.70078125 0.259375 0.00859375 0.01015625
0 0.690625 0.36875 0.009375 0.028125
0 0.7484375 0.3234375 0.015625 0.01171875
0 0.73359375 0.27890625 0.01484375 0.015625
0 0.7609375 0.2984375 0.0109375 0.01953125
0 0.76328125 0.2234375 0.009375 0.01328125
0 0.71640625 0.40390625 0.009375 0.00703125
0 0.72578125 0.40546875 0.009375 0.01015625
0 0.740625 0.40625 0.01171875 0.0140625
0 0.7515625 0.40703125 0.0078125 0.01328125
0 0.77109375 0.1359375 0.0125 0.01875
0 0.82265625 0.059375 0.0140625 0.0140625
0 0.85703125 0.0875 0.01328125 0.01171875
0 0.86015625 0.1046875 0.0140625 0.0203125
0 0.9171875 0.084375 0.0078125 0.01640625
0 0.78828125 0.46796875 0.0078125 0.01015625