0 0.53046875 0.159375 0.0078125 0.00703125
0 0.5703125 0.18125 0.00546875 0.009375
0 0.61796875 0.1203125 0.00703125 0.00625
0 0.603125 0.12578125 0.00625 0.00625
0 0.59296875 0.1265625 0.00625 0.0046875
0 0.571875 0.12890625 0.00546875 0.0046875
0 0.57265625 0.1421875 0.00625 0.00546875
0 0.6265625 0.146875 0.00625 0.00546875
0 0.90078125 0.09609375 0.00859375 0.00859375
0 0.90625 0.0703125 0.00859375 0.0078125
0 0.596875 0.12890625 0.0046875 0.0078125
0 0.5921875 0.1328125 0.0078125 0.00703125