0 0.56171875 0.0140625 0.00625 0.01953125
0 0.5609375 0.02890625 0.0046875 0.0109375
0 0.55703125 0.05703125 0.00546875 0.0171875
0 0.54765625 0.10625 0.0078125 0.01796875
0 0.540625 0.1296875 0.00390625 0.015625
0 0.534375 0.23125 0.009375 0.015625
0 0.54453125 0.27109375 0.0078125 0.01640625
0 0.55 0.2890625 0.009375 0.01875
0 0.55703125 0.3140625 0.009375 0.01328125
0 0.575 0.48828125 0.00859375 0.0203125
0 0.56328125 0.38359375 0.00703125 0.0203125
0 0.56484375 0.396875 0.0046875 0.00703125
0 0.8046875 0.9015625 0.01171875 0.02421875
0 0.5546875 0.0796875 0.00390625 0.01171875
0 0.5703125 0.43203125 0.0078125 0.0109375