0 0.2984375 0.165625 0.11328125 0.18515625
0 0.3609375 0.10078125 0.06015625 0.12265625
0 0.24765625 0.3015625 0.0984375 0.13671875
0 0.15390625 0.2859375 0.06953125 0.1421875
0 0.15390625 0.40859375 0.07421875 0.16796875
0 0.10703125 0.5046875 0.08671875 0.14921875
0 0.0828125 0.63828125 0.13671875 0.11796875
0 0.1203125 0.803125 0.146875 0.21875
0 0.24375 0.64296875 0.2140625 0.1421875
0 0.240625 0.8015625 0.09140625 0.240625
0 0.3734375 0.71640625 0.09375 0.15859375
0 0.43125 0.86328125 0.134375 0.1609375
0 0.609375 0.85703125 0.08671875 0.26953125
0 0.6265625 0.6296875 0.10078125 0.1703125
0 0.7546875 0.6671875 0.103125 0.259375
0 0.74375 0.30390625 0.06953125 0.1734375
0 0.921875 0.27421875 0.14921875 0.26171875
0 0.54921875 0.4578125 0.165625 0.19453125
0 0.459375 0.32421875 0.0984375 0.16796875
0 0.525 0.17890625 0.09140625 0.134375
0 0.54453125 0.2953125 0.0890625 0.115625
0 0.6140625 0.23046875 0.084375 0.14453125
0 0.6078125 0.13828125 0.06484375 0.1109375
0 0.61640625 0.06640625 0.1109375 0.103125