0 0.1546875 0.4640625 0.103125 0.12265625
0 0.140625 0.59140625 0.071875 0.10078125
0 0.22109375 0.6671875 0.13203125 0.15859375
0 0.25703125 0.56640625 0.0671875 0.07421875
0 0.31875 0.475 0.115625 0.103125
0 0.3328125 0.38828125 0.071875 0.103125
0 0.37109375 0.24296875 0.06953125 0.12265625
0 0.525 0.10703125 0.0796875 0.10546875
0 0.55078125 0.18359375 0.06484375 0.1109375
0 0.58671875 0.39921875 0.10078125 0.12265625
0 0.428125 0.51328125 0.0984375 0.178125
0 0.6515625 0.4421875 0.08203125 0.1296875
0 0.7234375 0.44609375 0.084375 0.134375
0 0.8109375 0.3578125 0.06015625 0.165625
0 0.546875 0.5953125 0.0890625 0.084375
0 0.578125 0.62265625 0.11328125 0.09140625
0 0.50859375 0.72265625 0.09609375 0.10546875
0 0.678125 0.60703125 0.053125 0.12734375
0 0.57578125 0.8015625 0.0796875 0.15859375
0 0.65234375 0.71484375 0.09140625 0.0625
0 0.7609375 0.759375 0.146875 0.13203125
0 0.728125 0.87890625 0.10078125 0.0890625
0 0.77421875 0.9171875 0.0671875 0.10078125