0 0.03125 0.2484375 0.0484375 0.08671875
0 0.04453125 0.30625 0.0625 0.084375
0 0.08671875 0.3484375 0.05546875 0.11328125
0 0.0640625 0.40234375 0.05078125 0.1421875
0 0.4328125 0.3375 0.10078125 0.08671875
0 0.22734375 0.49765625 0.06015625 0.12265625
0 0.3453125 0.52734375 0.10546875 0.15390625
0 0.47109375 0.56015625 0.1421875 0.10078125
0 0.41953125 0.6421875 0.12265625 0.22578125
0 0.5265625 0.7171875 0.103125 0.2453125
0 0.6515625 0.8015625 0.15390625 0.125
0 0.6546875 0.6578125 0.18515625 0.22578125
0 0.775 0.8171875 0.10546875 0.11328125
0 0.90234375 0.82421875 0.19453125 0.35078125