0 0.0453125 0.6046875 0.0578125 0.06015625
0 0.0609375 0.546875 0.0625 0.03359375
0 0.04296875 0.49296875 0.02890625 0.040625
0 0.10078125 0.5171875 0.03359375 0.05546875
0 0.07109375 0.509375 0.0265625 0.03828125
0 0.13671875 0.44140625 0.03359375 0.04296875
0 0.13359375 0.5328125 0.0359375 0.04296875
0 0.16796875 0.49609375 0.021875 0.03359375
0 0.1859375 0.553125 0.021875 0.040625
0 0.2171875 0.5203125 0.03359375 0.02890625
0 0.19609375 0.4046875 0.0359375 0.0578125
0 0.22109375 0.34765625 0.03125 0.0359375
0 0.18125 0.2703125 0.021875 0.0484375
0 0.3703125 0.1875 0.0265625 0.05078125
0 0.4265625 0.1625 0.021875 0.0671875
0 0.459375 0.1515625 0.0359375 0.06953125
0 0.42890625 0.03984375 0.03828125 0.04296875
0 0.80078125 0.0953125 0.03828125 0.0578125
0 0.69609375 0.03359375 0.03359375 0.0578125
0 0.85546875 0.07578125 0.040625 0.0625
0 0.9015625 0.13125 0.03125 0.06484375
0 0.8546875 0.1515625 0.0265625 0.0453125
0 0.8109375 0.16796875 0.02890625 0.06015625
0 0.8296875 0.23046875 0.053125 0.03359375
0 0.8234375 0.321875 0.05078125 0.0625
0 0.8421875 0.42890625 0.0484375 0.04296875
0 0.88359375 0.4125 0.04296875 0.05546875
0 0.8734375 0.5578125 0.04296875 0.06484375
0 0.9796875 0.71015625 0.03359375 0.07421875
0 0.64296875 0.80546875 0.0890625 0.0671875
0 0.6203125 0.86640625 0.03359375 0.053125
0 0.56953125 0.865625 0.0578125 0.053125
0 0.50859375 0.7921875 0.06015625 0.0578125
0 0.43359375 0.9125 0.05078125 0.053125
0 0.4 0.81953125 0.0359375 0.0671875
0 0.38203125 0.7921875 0.0359375 0.0671875
0 0.32109375 0.79453125 0.04296875 0.040625
0 0.30390625 0.7828125 0.05546875 0.06015625
0 0.2859375 0.81953125 0.0578125 0.053125