0 0.0453125 0.496875 0.090625 0.18125
0 0.12734375 0.59140625 0.09375 0.1828125
0 0.234375 0.3109375 0.09609375 0.2328125
0 0.36640625 0.36171875 0.071875 0.146875
0 0.31875 0.525 0.06015625 0.18515625
0 0.2828125 0.62890625 0.07421875 0.15859375
0 0.41484375 0.44375 0.115625 0.1296875
0 0.46015625 0.47578125 0.12734375 0.165625
0 0.37265625 0.68515625 0.0984375 0.21171875
0 0.4359375 0.6546875 0.10078125 0.11796875
0 0.51328125 0.61328125 0.1296875 0.146875
0 0.5296875 0.384375 0.03359375 0.125
0 0.58515625 0.3484375 0.0578125 0.15390625
0 0.61171875 0.43515625 0.1421875 0.1734375
0 0.6828125 0.4375 0.0453125 0.10546875
0 0.71171875 0.375 0.1109375 0.17578125
0 0.71015625 0.13359375 0.10078125 0.0984375
0 0.74140625 0.1984375 0.1203125 0.146875
0 0.8578125 0.109375 0.13203125 0.11328125
0 0.6578125 0.55546875 0.1296875 0.13671875
0 0.646875 0.6578125 0.09609375 0.10078125
0 0.66484375 0.74609375 0.134375 0.19453125
0 0.75625 0.6234375 0.10078125 0.1421875
0 0.696875 0.5828125 0.1109375 0.0984375
0 0.83671875 0.5421875 0.12265625 0.06953125
0 0.86328125 0.62265625 0.1203125 0.115625
0 0.89296875 0.47578125 0.11796875 0.12734375