0 0.10078125 0.73203125 0.03359375 0.06484375
0 0.15234375 0.7453125 0.0265625 0.05078125
0 0.1390625 0.67578125 0.03828125 0.0484375
0 0.19375 0.5875 0.02890625 0.03828125
0 0.30859375 0.546875 0.02890625 0.0453125
0 0.29453125 0.44140625 0.02421875 0.04296875
0 0.25859375 0.421875 0.03359375 0.0359375
0 0.22734375 0.43125 0.021875 0.03359375
0 0.21640625 0.36640625 0.0359375 0.0484375
0 0.2515625 0.35234375 0.040625 0.053125
0 0.525 0.29921875 0.02890625 0.053125
0 0.6265625 0.3703125 0.021875 0.0484375
0 0.6609375 0.3765625 0.0453125 0.0484375
0 0.6234375 0.240625 0.02890625 0.02890625
0 0.6453125 0.20703125 0.0625 0.053125
0 0.7046875 0.65859375 0.03359375 0.053125
0 0.6875 0.70078125 0.05546875 0.0453125
0 0.7234375 0.77421875 0.0359375 0.04296875
0 0.69453125 0.80625 0.040625 0.040625
0 0.67421875 0.8234375 0.0578125 0.0765625