0 0.0734375 0.6140625 0.08671875 0.0984375
0 0.19921875 0.65234375 0.08203125 0.09375
0 0.26171875 0.6625 0.0578125 0.10078125
0 0.37734375 0.64765625 0.0765625 0.10546875
0 0.4109375 0.5734375 0.0671875 0.06015625
0 0.45078125 0.6109375 0.08203125 0.06484375
0 0.6078125 0.4953125 0.12265625 0.0984375
0 0.59140625 0.59765625 0.0796875 0.06953125
0 0.665625 0.56953125 0.0578125 0.0796875
0 0.728125 0.525 0.06484375 0.1078125
0 0.76328125 0.36328125 0.0796875 0.08671875
0 0.8015625 0.4625 0.06484375 0.07421875
0 0.76796875 0.40859375 0.0453125 0.05546875
0 0.83671875 0.41328125 0.0796875 0.1078125