0 0.28515625 0.5953125 0.03828125 0.06484375
0 0.31484375 0.61328125 0.0171875 0.0359375
0 0.31953125 0.5875 0.0265625 0.04296875
0 0.35234375 0.6078125 0.03359375 0.04296875
0 0.36171875 0.6578125 0.02421875 0.05078125
0 0.33046875 0.65625 0.0484375 0.0578125
0 0.33671875 0.7046875 0.0140625 0.06015625
0 0.36171875 0.7171875 0.03359375 0.05078125
0 0.39453125 0.6359375 0.021875 0.05078125
0 0.41953125 0.6390625 0.01953125 0.04296875
0 0.41953125 0.60546875 0.021875 0.03828125
0 0.44453125 0.63359375 0.03359375 0.03359375
0 0.4703125 0.6828125 0.05546875 0.0578125
0 0.475 0.66015625 0.02421875 0.03125
0 0.50390625 0.66796875 0.040625 0.04296875
0 0.46171875 0.56875 0.0359375 0.0484375
0 0.44921875 0.5890625 0.03359375 0.040625
0 0.51796875 0.54453125 0.03359375 0.05546875
0 0.6078125 0.58984375 0.0265625 0.05546875
0 0.70078125 0.6359375 0.0359375 0.06015625
0 0.72734375 0.5890625 0.040625 0.0484375
0 0.7953125 0.63203125 0.053125 0.0625
0 0.78828125 0.5890625 0.01171875 0.03359375
0 0.80546875 0.58984375 0.03359375 0.03828125
0 0.84609375 0.58671875 0.0140625 0.04296875
0 0.85078125 0.55390625 0.0171875 0.02890625
0 0.8796875 0.571875 0.03828125 0.0484375
0 0.89921875 0.5109375 0.05078125 0.06953125