0 0.165625 0.59765625 0.15390625 0.13203125
0 0.275 0.24140625 0.1296875 0.1078125
0 0.484375 0.196875 0.06953125 0.125
0 0.6265625 0.16796875 0.14453125 0.10546875
0 0.7796875 0.2125 0.1109375 0.12734375
0 0.92421875 0.11328125 0.0890625 0.13203125
0 0.74375 0.31875 0.1078125 0.0671875
0 0.72578125 0.37890625 0.0765625 0.071875
0 0.5265625 0.41484375 0.1734375 0.11796875
0 0.4390625 0.4984375 0.115625 0.08671875
0 0.35703125 0.5921875 0.13203125 0.13203125
0 0.28125 0.59140625 0.0765625 0.0625
0 0.16484375 0.59375 0.15859375 0.115625
0 0.3265625 0.7296875 0.1421875 0.15390625
0 0.5015625 0.5765625 0.12265625 0.0890625
0 0.53359375 0.6734375 0.13671875 0.13203125
0 0.6984375 0.61796875 0.146875 0.125