0 0.0375 0.2359375 0.0484375 0.0671875
0 0.06640625 0.1671875 0.0625 0.0578125
0 0.09140625 0.134375 0.05078125 0.05078125
0 0.16796875 0.146875 0.03125 0.03359375
0 0.19921875 0.13359375 0.0484375 0.07421875
0 0.12265625 0.225 0.0796875 0.0765625
0 0.03984375 0.22109375 0.05078125 0.06015625
0 0.11796875 0.32421875 0.04296875 0.0625
0 0.178125 0.25859375 0.03125 0.04296875
0 0.2171875 0.25703125 0.04296875 0.0765625
0 0.25703125 0.23828125 0.02421875 0.06015625
0 0.2234375 0.3296875 0.0671875 0.05546875
0 0.21484375 0.36328125 0.06015625 0.0671875
0 0.271875 0.31015625 0.0484375 0.0484375
0 0.30390625 0.271875 0.06953125 0.07421875
0 0.33515625 0.2078125 0.0578125 0.0453125
0 0.38125 0.1515625 0.0671875 0.071875
0 0.39921875 0.225 0.0484375 0.03359375
0 0.36640625 0.25703125 0.05546875 0.06015625
0 0.50234375 0.225 0.053125 0.03828125
0 0.490625 0.30078125 0.0265625 0.06953125
0 0.396875 0.37890625 0.04296875 0.053125
0 0.48671875 0.3796875 0.021875 0.084375
0 0.475 0.359375 0.02421875 0.06484375
0 0.61171875 0.4328125 0.03359375 0.06484375
0 0.59765625 0.37734375 0.02890625 0.0625
0 0.625 0.3546875 0.0359375 0.08671875
0 0.63125 0.275 0.05078125 0.05078125
0 0.69375 0.2640625 0.06953125 0.06953125
0 0.8921875 0.31953125 0.06015625 0.06484375