0 0.1421875 0.12890625 0.1421875 0.1609375
0 0.3921875 0.2671875 0.1203125 0.11328125
0 0.25234375 0.31484375 0.1609375 0.09375
0 0.23046875 0.36640625 0.09140625 0.08671875
0 0.2453125 0.43515625 0.09140625 0.09375
0 0.17421875 0.45078125 0.11328125 0.0890625
0 0.0875 0.4828125 0.0765625 0.071875
0 0.09609375 0.6046875 0.1921875 0.21171875
0 0.26171875 0.525 0.08671875 0.14921875
0 0.35703125 0.4125 0.08671875 0.15625
0 0.47578125 0.41328125 0.115625 0.084375
0 0.3921875 0.5171875 0.1390625 0.12265625
0 0.44609375 0.540625 0.178125 0.13203125
0 0.32109375 0.728125 0.12734375 0.196875
0 0.50625 0.6625 0.165625 0.20703125
0 0.64453125 0.571875 0.1421875 0.1421875
0 0.725 0.6734375 0.146875 0.165625
0 0.70546875 0.6296875 0.06015625 0.1078125
0 0.7859375 0.63125 0.0765625 0.13203125
0 0.85078125 0.53359375 0.09140625 0.19921875
0 0.81875 0.540625 0.053125 0.10078125
0 0.77890625 0.5578125 0.06015625 0.11796875
0 0.709375 0.5375 0.08203125 0.11328125
0 0.7015625 0.4125 0.07421875 0.13671875
0 0.7453125 0.37265625 0.0453125 0.115625
0 0.77421875 0.4109375 0.10546875 0.14453125
0 0.821875 0.28828125 0.09609375 0.1078125
0 0.83203125 0.34375 0.14453125 0.1421875
0 0.9171875 0.33203125 0.09140625 0.125
0 0.946875 0.2390625 0.09140625 0.1109375
0 0.95703125 0.321875 0.07421875 0.125