0 0.1515625 0.53984375 0.125 0.1421875
0 0.25 0.578125 0.10078125 0.13203125
0 0.33203125 0.515625 0.0796875 0.08671875
0 0.3703125 0.2296875 0.16328125 0.09609375
0 0.375 0.2859375 0.040625 0.1421875
0 0.45078125 0.29921875 0.134375 0.10078125
0 0.4375 0.45703125 0.14453125 0.13671875
0 0.5671875 0.39921875 0.1109375 0.14921875
0 0.52890625 0.478125 0.1390625 0.0765625
0 0.59375 0.5421875 0.0890625 0.115625
0 0.5328125 0.64453125 0.17578125 0.16328125
0 0.4953125 0.5671875 0.09140625 0.08671875
0 0.6875 0.5875 0.0765625 0.115625
0 0.6890625 0.7078125 0.05546875 0.13671875
0 0.74609375 0.43515625 0.11796875 0.1109375
0 0.81875 0.4078125 0.125 0.084375
0 0.8546875 0.4953125 0.14921875 0.11796875
0 0.9234375 0.5625 0.10546875 0.14921875
0 0.896875 0.646875 0.125 0.178125