0 0.0359375 0.22734375 0.0453125 0.06953125
0 0.0609375 0.1625 0.05078125 0.0578125
0 0.09765625 0.1296875 0.05546875 0.040625
0 0.2078125 0.12265625 0.0484375 0.09375
0 0.16796875 0.1390625 0.01953125 0.0484375
0 0.1234375 0.2140625 0.06484375 0.06484375
0 0.171875 0.25859375 0.02890625 0.0625
0 0.21640625 0.25703125 0.0484375 0.06484375
0 0.25859375 0.2453125 0.04296875 0.0484375
0 0.20546875 0.359375 0.0484375 0.03125
0 0.2078125 0.31484375 0.03359375 0.0484375
0 0.26328125 0.3140625 0.0265625 0.053125
0 0.23671875 0.33671875 0.01953125 0.07421875
0 0.296875 0.290625 0.06015625 0.0453125
0 0.31640625 0.25703125 0.0265625 0.04296875
0 0.328125 0.21015625 0.06484375 0.05078125
0 0.375 0.1671875 0.0625 0.06953125
0 0.40234375 0.22578125 0.053125 0.04296875
0 0.375 0.2546875 0.0359375 0.0578125
0 0.42578125 0.2984375 0.021875 0.03828125
0 0.4 0.38203125 0.05546875 0.06484375
0 0.48671875 0.2921875 0.03125 0.06484375
0 0.4984375 0.24140625 0.05078125 0.053125
0 0.4890625 0.3796875 0.03359375 0.06484375
0 0.6875 0.25390625 0.0484375 0.0625
0 0.6390625 0.2703125 0.01953125 0.0484375
0 0.6265625 0.3578125 0.040625 0.0796875
0 0.5921875 0.37109375 0.03828125 0.03359375
0 0.6 0.42890625 0.040625 0.06015625