0 0.17578125 0.7875 0.0890625 0.08203125
0 0.43984375 0.68359375 0.0625 0.06484375
0 0.48828125 0.63671875 0.053125 0.053125
0 0.60078125 0.603125 0.03125 0.0625
0 0.67890625 0.5953125 0.06015625 0.06953125
0 0.765625 0.4203125 0.0578125 0.0359375
0 0.953125 0.40859375 0.0765625 0.071875
0 0.62109375 0.428125 0.0484375 0.0453125
0 0.6265625 0.3921875 0.05078125 0.0359375
0 0.5484375 0.40234375 0.0484375 0.053125
0 0.36796875 0.4625 0.0359375 0.06484375
0 0.38125 0.48671875 0.01953125 0.0453125
0 0.4203125 0.4859375 0.08203125 0.053125
0 0.421875 0.4484375 0.0453125 0.0578125
0 0.25625 0.41015625 0.06015625 0.0671875
0 0.21640625 0.35234375 0.0484375 0.071875
0 0.20078125 0.27421875 0.0484375 0.053125
0 0.25703125 0.35703125 0.0453125 0.0484375
0 0.2921875 0.34765625 0.01953125 0.053125
0 0.321875 0.33671875 0.02421875 0.03828125
0 0.3609375 0.31015625 0.07421875 0.06953125
0 0.4359375 0.2953125 0.04296875 0.05078125