0 0.1453125 0.13203125 0.1515625 0.14453125
0 0.3921875 0.275 0.0984375 0.115625
0 0.2609375 0.3125 0.09375 0.0890625
0 0.22578125 0.36796875 0.10078125 0.06953125
0 0.1140625 0.59375 0.19453125 0.20703125
0 0.2546875 0.515625 0.08203125 0.13671875
0 0.1734375 0.4578125 0.134375 0.13203125
0 0.3484375 0.39921875 0.1203125 0.125
0 0.45703125 0.4234375 0.125 0.115625
0 0.38203125 0.4984375 0.13671875 0.09375
0 0.44140625 0.54453125 0.17578125 0.15859375
0 0.32578125 0.7203125 0.146875 0.16796875
0 0.515625 0.6625 0.15859375 0.19453125
0 0.71875 0.6546875 0.16796875 0.11328125
0 0.65859375 0.5734375 0.10546875 0.146875
0 0.71171875 0.38125 0.0671875 0.10546875
0 0.7484375 0.4484375 0.103125 0.10078125
0 0.890625 0.5375 0.15859375 0.19453125
0 0.77421875 0.55625 0.06953125 0.10546875
0 0.8140625 0.26796875 0.09140625 0.11328125
0 0.78828125 0.4 0.084375 0.08671875
0 0.875 0.3578125 0.103125 0.1078125
0 0.9359375 0.2484375 0.103125 0.0796875
0 0.95546875 0.31953125 0.06015625 0.0890625