0 0.2453125 0.2875 0.0359375 0.0578125
0 0.109375 0.34765625 0.03359375 0.0578125
0 0.42578125 0.3375 0.03125 0.0578125
0 0.4265625 0.4390625 0.0359375 0.05546875
0 0.46484375 0.39921875 0.02421875 0.0453125
0 0.50625 0.396875 0.0171875 0.0265625
0 0.5140625 0.36796875 0.02421875 0.0359375
0 0.509375 0.35 0.01171875 0.0265625
0 0.5359375 0.32578125 0.0265625 0.05078125
0 0.475 0.19921875 0.03828125 0.05078125
0 0.69921875 0.1859375 0.03359375 0.05546875
0 0.66328125 0.20546875 0.021875 0.03359375
0 0.5625 0.384375 0.0484375 0.0625
0 0.54453125 0.40234375 0.02421875 0.040625
0 0.51328125 0.4234375 0.0265625 0.0453125
0 0.5625 0.5015625 0.03828125 0.053125
0 0.571875 0.46015625 0.02890625 0.053125
0 0.55390625 0.44375 0.03359375 0.03359375
0 0.61796875 0.4484375 0.01953125 0.0578125
0 0.67890625 0.37890625 0.06015625 0.06015625
0 0.71015625 0.51171875 0.05546875 0.0484375
0 0.6453125 0.68515625 0.06015625 0.071875
0 0.7390625 0.59765625 0.0265625 0.04296875
0 0.7703125 0.65625 0.040625 0.06953125
0 0.81015625 0.6671875 0.02421875 0.05078125
0 0.83515625 0.64765625 0.02890625 0.04296875
0 0.93046875 0.6265625 0.040625 0.0625
0 0.80546875 0.7125 0.05546875 0.0671875