0 0.1515625 0.38671875 0.0359375 0.05078125
0 0.17421875 0.40234375 0.0140625 0.02890625
0 0.1984375 0.3796875 0.01953125 0.02890625
0 0.2125 0.40390625 0.0265625 0.04296875
0 0.2359375 0.4046875 0.0171875 0.0453125
0 0.259375 0.40234375 0.0140625 0.02890625
0 0.28828125 0.38671875 0.04296875 0.05546875
0 0.3140625 0.4015625 0.0171875 0.04296875
0 0.3703125 0.37890625 0.04296875 0.040625
0 0.34609375 0.415625 0.02890625 0.040625
0 0.35078125 0.45546875 0.0265625 0.05078125
0 0.38203125 0.4203125 0.02421875 0.0265625
0 0.44921875 0.421875 0.021875 0.053125
0 0.47109375 0.4203125 0.021875 0.0359375
0 0.48046875 0.38125 0.040625 0.03828125
0 0.56015625 0.54296875 0.03359375 0.05078125
0 0.60703125 0.48046875 0.04296875 0.0578125
0 0.6765625 0.36640625 0.0453125 0.0453125
0 0.6890625 0.4046875 0.04296875 0.0578125
0 0.7453125 0.396875 0.0484375 0.0453125
0 0.775 0.3765625 0.03125 0.0359375
0 0.8078125 0.3578125 0.05078125 0.04296875
0 0.8265625 0.6515625 0.05546875 0.0484375
0 0.83671875 0.6765625 0.040625 0.053125
0 0.83046875 0.7328125 0.06953125 0.0484375
0 0.8734375 0.7359375 0.053125 0.05546875
0 0.8765625 0.8421875 0.06484375 0.08671875
0 0.9390625 0.7234375 0.06484375 0.05546875
0 0.9046875 0.6609375 0.03359375 0.05546875
0 0.94375 0.65 0.05078125 0.07421875