0 0.02421875 0.39921875 0.04296875 0.0453125
0 0.071875 0.3921875 0.03359375 0.06484375
0 0.1046875 0.3609375 0.0265625 0.053125
0 0.1296875 0.44375 0.05546875 0.0765625
0 0.16796875 0.37109375 0.0625 0.0453125
0 0.2140625 0.37890625 0.06484375 0.0890625
0 0.240625 0.31953125 0.0625 0.0625
0 0.36328125 0.3921875 0.02421875 0.03125
0 0.41328125 0.3859375 0.06484375 0.0578125
0 0.35703125 0.44140625 0.06015625 0.0578125
0 0.334375 0.53515625 0.071875 0.08203125
0 0.38828125 0.5609375 0.021875 0.05078125
0 0.640625 0.4953125 0.03828125 0.04296875
0 0.6 0.4890625 0.0453125 0.06953125
0 0.62890625 0.43046875 0.0765625 0.0453125
0 0.625 0.45546875 0.0265625 0.03359375
0 0.709375 0.5 0.06015625 0.07421875
0 0.6875 0.4890625 0.053125 0.0484375
0 0.69375 0.4515625 0.04296875 0.0578125
0 0.75 0.4421875 0.0671875 0.0765625
0 0.82421875 0.4234375 0.084375 0.06953125