0 0.584375 0.49609375 0.040625 0.05546875
0 0.6625 0.43984375 0.0359375 0.03359375
0 0.696875 0.4484375 0.0171875 0.0265625
0 0.7046875 0.4640625 0.02421875 0.0265625
0 0.7609375 0.45078125 0.02421875 0.0359375
0 0.68984375 0.6765625 0.0171875 0.04296875
0 0.7140625 0.7984375 0.02890625 0.05078125
0 0.8421875 0.7328125 0.0265625 0.03359375
0 0.85 0.70546875 0.0359375 0.0453125
0 0.88359375 0.7296875 0.02890625 0.0453125
0 0.90390625 0.7984375 0.02890625 0.06484375
0 0.75859375 0.34140625 0.02421875 0.0625
0 0.96875 0.4375 0.02890625 0.0453125