0 0.04453125 0.71875 0.0359375 0.06484375
0 0.0765625 0.7484375 0.040625 0.06484375
0 0.09765625 0.6875 0.0484375 0.071875
0 0.165625 0.615625 0.03828125 0.05078125
0 0.22109375 0.4734375 0.0359375 0.06484375
0 0.24609375 0.40234375 0.03125 0.053125
0 0.2984375 0.3859375 0.040625 0.0625
0 0.27890625 0.46640625 0.0484375 0.05078125
0 0.29453125 0.5921875 0.02421875 0.05546875
0 0.53125 0.384375 0.053125 0.06953125
0 0.66484375 0.4953125 0.053125 0.0578125
0 0.625 0.49296875 0.03828125 0.0359375
0 0.6515625 0.33515625 0.05078125 0.05078125
0 0.6734375 0.30390625 0.0578125 0.08203125