0 0.1234375 0.0578125 0.2015625 0.071875
0 0.2359375 0.12109375 0.18046875 0.07421875
0 0.48203125 0.11328125 0.18046875 0.10078125
0 0.66015625 0.196875 0.18984375 0.06953125
0 0.58515625 0.2828125 0.18046875 0.06484375
0 0.57109375 0.3609375 0.146875 0.08203125
0 0.475 0.40234375 0.146875 0.06015625
0 0.2171875 0.44140625 0.1609375 0.1109375
0 0.10078125 0.54296875 0.14453125 0.09609375
0 0.2953125 0.796875 0.09609375 0.09609375
0 0.16953125 0.88671875 0.2046875 0.1078125
0 0.37265625 0.88671875 0.21171875 0.1078125
0 0.34609375 0.6359375 0.07421875 0.08671875
0 0.3078125 0.5734375 0.18046875 0.09609375
0 0.4109375 0.55078125 0.178125 0.0765625
0 0.4546875 0.6453125 0.13203125 0.03828125
0 0.55625 0.6875 0.09140625 0.06015625
0 0.62265625 0.70546875 0.1421875 0.053125
0 0.58046875 0.50390625 0.1875 0.07421875
0 0.55625 0.603125 0.11328125 0.07421875
0 0.63125 0.64921875 0.1109375 0.05546875