0 0.26171875 0.7546875 0.08671875 0.10078125
0 0.17578125 0.53515625 0.0796875 0.06484375
0 0.0796875 0.47734375 0.06484375 0.06015625
0 0.04296875 0.4984375 0.0671875 0.0453125
0 0.09140625 0.4234375 0.06484375 0.0765625
0 0.0203125 0.43359375 0.040625 0.07421875
0 0.06484375 0.3578125 0.053125 0.0765625
0 0.415625 0.40390625 0.06953125 0.07421875
0 0.35703125 0.42578125 0.04296875 0.06484375
0 0.40390625 0.4953125 0.10078125 0.04296875
0 0.5671875 0.60234375 0.09140625 0.084375
0 0.6359375 0.61875 0.053125 0.04296875
0 0.69453125 0.43984375 0.0671875 0.06953125
0 0.75703125 0.45703125 0.071875 0.05546875
0 0.7953125 0.50703125 0.05546875 0.071875
0 0.84765625 0.47578125 0.06015625 0.06484375
0 0.84375 0.41484375 0.053125 0.0671875
0 0.821875 0.3765625 0.05078125 0.07421875
0 0.9109375 0.490625 0.06015625 0.08203125