0 0.33984375 0.53515625 0.0265625 0.0484375
0 0.421875 0.5984375 0.021875 0.02890625
0 0.42890625 0.6359375 0.0171875 0.05546875
0 0.4546875 0.54921875 0.021875 0.03125
0 0.5203125 0.584375 0.03828125 0.04296875
0 0.52265625 0.60703125 0.021875 0.021875
0 0.50859375 0.6359375 0.03359375 0.04296875
0 0.51171875 0.6609375 0.03359375 0.0453125
0 0.49296875 0.6765625 0.0359375 0.0578125
0 0.4703125 0.6859375 0.0265625 0.04296875
0 0.53515625 0.69140625 0.03828125 0.06484375
0 0.5515625 0.64765625 0.03828125 0.06015625
0 0.58515625 0.67890625 0.01953125 0.06953125
0 0.71875 0.67890625 0.0265625 0.06015625
0 0.80078125 0.75390625 0.05078125 0.0625