0 0.56875 0.49140625 0.03828125 0.0359375
0 0.6765625 0.49296875 0.0453125 0.040625
0 0.73203125 0.4359375 0.0359375 0.040625
0 0.76328125 0.4546875 0.02421875 0.0140625
0 0.7140625 0.4953125 0.01953125 0.0265625
0 0.7171875 0.478125 0.02421875 0.01953125
0 0.74765625 0.47109375 0.03828125 0.021875
0 0.74375 0.5 0.03359375 0.0265625
0 0.775 0.4890625 0.02890625 0.0265625
0 0.8015625 0.478125 0.03359375 0.02421875
0 0.796875 0.5015625 0.0140625 0.0265625
0 0.8140625 0.5140625 0.0265625 0.03359375
0 0.81015625 0.53984375 0.03125 0.02890625
0 0.81484375 0.49140625 0.03359375 0.02421875
0 0.86171875 0.5109375 0.03359375 0.02890625
0 0.8390625 0.4796875 0.040625 0.040625
0 0.89453125 0.49375 0.04296875 0.0359375