0 0.1546875 0.1453125 0.02890625 0.05078125
0 0.21484375 0.225 0.04296875 0.05078125
0 0.3328125 0.10703125 0.0484375 0.06953125
0 0.4015625 0.13828125 0.0453125 0.084375
0 0.4390625 0.115625 0.040625 0.06484375
0 0.35546875 0.18359375 0.02890625 0.04296875
0 0.33515625 0.2609375 0.053125 0.0671875
0 0.3609375 0.2453125 0.021875 0.06953125
0 0.3890625 0.228125 0.0171875 0.0453125
0 0.38359375 0.2640625 0.0265625 0.0671875
0 0.3765625 0.28984375 0.04296875 0.0671875
0 0.396875 0.3546875 0.0671875 0.0578125
0 0.4359375 0.29921875 0.03125 0.05546875
0 0.44140625 0.35546875 0.03828125 0.08671875
0 0.4203125 0.4046875 0.03359375 0.09140625
0 0.46640625 0.3734375 0.02890625 0.0765625
0 0.4953125 0.384375 0.0265625 0.05546875
0 0.52421875 0.4125 0.03359375 0.06015625
0 0.53359375 0.46015625 0.02421875 0.05078125
0 0.56953125 0.40859375 0.03828125 0.0625
0 0.6046875 0.390625 0.053125 0.06484375
0 0.60234375 0.43359375 0.06015625 0.0765625
0 0.60546875 0.475 0.021875 0.0578125
0 0.57578125 0.4796875 0.03828125 0.08203125
0 0.6421875 0.4625 0.0265625 0.06015625
0 0.66328125 0.4625 0.0578125 0.05078125
0 0.68046875 0.51796875 0.071875 0.0453125
0 0.64921875 0.57109375 0.06484375 0.05546875
0 0.68984375 0.553125 0.05546875 0.0765625
0 0.7234375 0.54921875 0.053125 0.06484375
0 0.7515625 0.5515625 0.03828125 0.0578125
0 0.77265625 0.5296875 0.0578125 0.0671875
0 0.859375 0.6453125 0.053125 0.05546875
0 0.8640625 0.58046875 0.0984375 0.06015625