0 0.2390625 0.3125 0.0359375 0.03359375
0 0.3171875 0.31015625 0.021875 0.03828125
0 0.4328125 0.2765625 0.01953125 0.02890625
0 0.4671875 0.31875 0.0359375 0.0265625
0 0.58671875 0.36640625 0.02421875 0.0453125
0 0.57578125 0.3078125 0.02421875 0.0359375
0 0.60078125 0.29296875 0.01171875 0.0359375
0 0.62109375 0.2859375 0.0140625 0.021875
0 0.63828125 0.31640625 0.0140625 0.021875
0 0.646875 0.28828125 0.01171875 0.03125
0 0.6703125 0.29921875 0.0171875 0.02890625
0 0.69375 0.3125 0.0171875 0.0453125
0 0.6546875 0.3234375 0.02421875 0.03359375
0 0.6734375 0.3171875 0.01171875 0.03828125
0 0.50234375 0.3859375 0.02890625 0.053125
0 0.390625 0.39765625 0.03828125 0.0359375
0 0.4046875 0.42890625 0.03359375 0.03828125
0 0.2859375 0.55859375 0.0484375 0.0453125
0 0.30546875 0.5796875 0.02890625 0.053125
0 0.3921875 0.55390625 0.03125 0.03828125
0 0.57109375 0.56484375 0.03828125 0.05546875
0 0.4015625 0.63671875 0.03828125 0.040625
0 0.43984375 0.6453125 0.02421875 0.0453125
0 0.4703125 0.63203125 0.03828125 0.03828125
0 0.4953125 0.6359375 0.0265625 0.03359375
0 0.53515625 0.63359375 0.053125 0.03359375
0 0.5296875 0.68046875 0.03828125 0.040625