0 0.1859375 0.2609375 0.06953125 0.09140625
0 0.2484375 0.2953125 0.10078125 0.08203125
0 0.328125 0.2078125 0.08203125 0.115625
0 0.428125 0.2140625 0.0578125 0.053125
0 0.5515625 0.2015625 0.05078125 0.06484375
0 0.75390625 0.17890625 0.0671875 0.08671875
0 0.37734375 0.29921875 0.08203125 0.0765625
0 0.4046875 0.39765625 0.13671875 0.053125
0 0.54296875 0.4953125 0.04296875 0.0890625
0 0.65859375 0.69609375 0.06484375 0.103125
0 0.71484375 0.69921875 0.021875 0.06484375
0 0.759375 0.7015625 0.06015625 0.13203125