0 0.09609375 0.165625 0.0484375 0.06015625
0 0.33046875 0.41328125 0.06953125 0.06015625
0 0.3078125 0.26953125 0.06484375 0.06953125
0 0.35234375 0.28359375 0.021875 0.0265625
0 0.37109375 0.27890625 0.02421875 0.02890625
0 0.396875 0.2796875 0.0453125 0.0484375
0 0.43359375 0.29296875 0.0578125 0.0484375
0 0.475 0.3125 0.05546875 0.07421875
0 0.5203125 0.353125 0.04296875 0.0484375
0 0.56875 0.3765625 0.0484375 0.0625
0 0.64453125 0.41796875 0.06484375 0.0890625
0 0.7484375 0.475 0.0796875 0.1078125