0 0.33515625 0.50234375 0.053125 0.03828125
0 0.39296875 0.47734375 0.03359375 0.0359375
0 0.45078125 0.4953125 0.02421875 0.0359375
0 0.4703125 0.4671875 0.0453125 0.03125
0 0.4671875 0.43046875 0.0359375 0.04296875
0 0.50625 0.41015625 0.03828125 0.0453125
0 0.54921875 0.4 0.02421875 0.06015625
0 0.5828125 0.365625 0.053125 0.03359375
0 0.85 0.36171875 0.04296875 0.05078125
0 0.80859375 0.37265625 0.03828125 0.0359375
0 0.94140625 0.22109375 0.04296875 0.06953125
0 0.55625 0.5875 0.0765625 0.05078125
0 0.46875 0.6140625 0.03125 0.03359375
0 0.4203125 0.615625 0.06484375 0.03828125
0 0.3734375 0.62734375 0.0578125 0.03125
0 0.32109375 0.63671875 0.06484375 0.040625
0 0.3265625 0.6828125 0.06484375 0.040625
0 0.34140625 0.7046875 0.02421875 0.04296875
0 0.37265625 0.70546875 0.0578125 0.0453125
0 0.39453125 0.66796875 0.0578125 0.04296875
0 0.4484375 0.65625 0.0578125 0.0359375
0 0.4796875 0.6421875 0.0578125 0.05078125