0 0.1421875 0.49140625 0.084375 0.10078125
0 0.21015625 0.52734375 0.053125 0.06484375
0 0.26328125 0.50703125 0.06015625 0.06953125
0 0.36640625 0.4671875 0.08671875 0.071875
0 0.4171875 0.5171875 0.0765625 0.06953125
0 0.34140625 0.55390625 0.0578125 0.0625
0 0.40390625 0.615625 0.08671875 0.07421875
0 0.50390625 0.49375 0.040625 0.0578125
0 0.5453125 0.459375 0.0578125 0.06953125
0 0.60703125 0.4484375 0.06953125 0.04296875
0 0.60234375 0.509375 0.0484375 0.06484375
0 0.6890625 0.50390625 0.0796875 0.0671875
0 0.75703125 0.44140625 0.0796875 0.0671875