0 0.10703125 0.22109375 0.09375 0.06953125
0 0.0640625 0.2859375 0.0796875 0.0765625
0 0.334375 0.22109375 0.05546875 0.0765625
0 0.64296875 0.2703125 0.08203125 0.10546875
0 0.5921875 0.2796875 0.05078125 0.0671875
0 0.37265625 0.41328125 0.1078125 0.1078125
0 0.31953125 0.41484375 0.05078125 0.05078125
0 0.26953125 0.459375 0.084375 0.07421875
0 0.2078125 0.43125 0.0890625 0.084375
0 0.140625 0.428125 0.053125 0.05546875
0 0.3140625 0.59765625 0.103125 0.10078125
0 0.728125 0.68125 0.09375 0.13203125
0 0.83515625 0.63359375 0.10078125 0.084375
0 0.83515625 0.71015625 0.0890625 0.11328125
0 0.9 0.69921875 0.071875 0.103125