0 0.12734375 0.2640625 0.06484375 0.06484375
0 0.1234375 0.38125 0.03125 0.0671875
0 0.67890625 0.134375 0.0453125 0.05078125
0 0.41015625 0.4953125 0.053125 0.09140625
0 0.27734375 0.70546875 0.103125 0.0765625
0 0.3890625 0.64296875 0.06484375 0.07421875
0 0.45078125 0.61328125 0.03828125 0.05078125
0 0.4703125 0.6625 0.071875 0.053125
0 0.578125 0.5453125 0.04296875 0.06015625
0 0.62890625 0.52421875 0.04296875 0.0765625
0 0.6109375 0.640625 0.040625 0.0671875
0 0.7140625 0.52421875 0.0625 0.08671875
0 0.78984375 0.55625 0.0984375 0.0671875
0 0.771875 0.6109375 0.03125 0.06953125
0 0.96875 0.52890625 0.03359375 0.0625
0 0.2328125 0.5109375 0.03359375 0.07421875