0 0.1390625 0.49375 0.05078125 0.1421875
0 0.56953125 0.45703125 0.08203125 0.10078125
0 0.42890625 0.5296875 0.0890625 0.0625
0 0.44453125 0.62109375 0.09140625 0.09140625
0 0.55078125 0.62734375 0.06953125 0.1390625
0 0.60234375 0.584375 0.0359375 0.10546875
0 0.67578125 0.54453125 0.06953125 0.1078125
0 0.8125 0.53125 0.1296875 0.103125
0 0.67890625 0.671875 0.05546875 0.09375
0 0.7328125 0.6359375 0.04296875 0.1109375
0 0.775 0.71171875 0.08671875 0.1296875
0 0.7609375 0.29453125 0.00703125 0.0140625