0 0.74375 0.2484375 0.03359375 0.05078125
0 0.6265625 0.37265625 0.05078125 0.05078125
0 0.67890625 0.38203125 0.03359375 0.021875
0 0.68046875 0.39765625 0.0171875 0.02890625
0 0.75703125 0.38203125 0.03125 0.0484375
0 0.6671875 0.66484375 0.0265625 0.05078125
0 0.69375 0.8109375 0.04296875 0.05078125
0 0.53359375 0.4375 0.03828125 0.06015625
0 0.85078125 0.72734375 0.04296875 0.0359375
0 0.853125 0.70078125 0.04296875 0.05078125
0 0.89765625 0.72109375 0.040625 0.053125
0 0.92421875 0.80625 0.040625 0.0625