0 0.578125 0.2046875 0.115625 0.06015625
0 0.5203125 0.2515625 0.09140625 0.05546875
0 0.5171875 0.30546875 0.05546875 0.01953125
0 0.47109375 0.33203125 0.0359375 0.0359375
0 0.5140625 0.3421875 0.040625 0.06484375
0 0.48671875 0.37734375 0.06015625 0.04296875
0 0.41484375 0.428125 0.0671875 0.0625
0 0.57109375 0.3765625 0.07421875 0.04296875
0 0.52890625 0.428125 0.0671875 0.0765625
0 0.50390625 0.43125 0.07421875 0.0578125
0 0.390625 0.46640625 0.06484375 0.06484375
0 0.3234375 0.49140625 0.071875 0.0453125
0 0.49296875 0.48046875 0.0453125 0.03828125
0 0.4515625 0.48828125 0.05546875 0.0765625
0 0.51953125 0.52421875 0.05546875 0.0578125
0 0.51796875 0.57421875 0.06953125 0.04296875
0 0.54453125 0.62890625 0.06484375 0.06015625
0 0.69609375 0.65 0.0796875 0.07421875