0 0.05078125 0.5515625 0.0265625 0.05546875
0 0.07421875 0.58515625 0.0484375 0.0578125
0 0.0921875 0.6078125 0.03828125 0.0484375
0 0.0765625 0.2765625 0.0578125 0.03828125
0 0.0828125 0.31015625 0.02890625 0.0484375
0 0.1 0.33984375 0.0359375 0.05546875
0 0.11875 0.30390625 0.04296875 0.03828125
0 0.1140625 0.2296875 0.05078125 0.0578125
0 0.16484375 0.240625 0.03828125 0.03828125
0 0.1921875 0.3140625 0.0578125 0.040625
0 0.22734375 0.33984375 0.06015625 0.05546875
0 0.22578125 0.21640625 0.0578125 0.03828125
0 0.234375 0.25859375 0.05078125 0.03359375
0 0.25390625 0.21484375 0.053125 0.053125
0 0.28984375 0.25234375 0.06953125 0.0578125
0 0.34375 0.27421875 0.06953125 0.0625
0 0.31640625 0.209375 0.05546875 0.0359375
0 0.34375 0.225 0.0625 0.01953125
0 0.40859375 0.1984375 0.0671875 0.05546875
0 0.36328125 0.1984375 0.0484375 0.040625
0 0.27265625 0.3578125 0.01953125 0.06484375
0 0.30625 0.3609375 0.03828125 0.0765625
0 0.428125 0.26953125 0.05078125 0.06953125
0 0.18125 0.5640625 0.04296875 0.06015625
0 0.21484375 0.52734375 0.06484375 0.05078125
0 0.26171875 0.50625 0.05078125 0.053125
0 0.22265625 0.6203125 0.0765625 0.0578125
0 0.24609375 0.5984375 0.06953125 0.05546875
0 0.265625 0.553125 0.0578125 0.03828125
0 0.30625 0.53828125 0.0625 0.05546875
0 0.30546875 0.59609375 0.02421875 0.084375
0 0.32109375 0.6234375 0.03828125 0.06484375
0 0.35 0.56875 0.03828125 0.06015625
0 0.4203125 0.6921875 0.05546875 0.09140625
0 0.4015625 0.41953125 0.0453125 0.06015625
0 0.4265625 0.4484375 0.0890625 0.05078125
0 0.44921875 0.41484375 0.06015625 0.053125
0 0.53359375 0.1765625 0.0796875 0.0484375
0 0.5421875 0.25390625 0.06015625 0.05546875
0 0.61640625 0.225 0.0578125 0.0765625
0 0.6921875 0.203125 0.0484375 0.0671875
0 0.74375 0.22734375 0.06953125 0.0578125
0 0.76796875 0.20703125 0.05078125 0.053125
0 0.771875 0.26171875 0.05546875 0.03828125
0 0.696875 0.25625 0.04296875 0.05078125
0 0.71171875 0.28359375 0.0484375 0.0453125
0 0.70078125 0.3171875 0.0171875 0.0796875
0 0.7125 0.36796875 0.0359375 0.05546875
0 0.7296875 0.3453125 0.0265625 0.0578125
0 0.75390625 0.37109375 0.04296875 0.08203125
0 0.78515625 0.36875 0.03359375 0.071875
0 0.8609375 0.2546875 0.06015625 0.07421875
0 0.53359375 0.42890625 0.06484375 0.0671875
0 0.5796875 0.41484375 0.05546875 0.040625
0 0.5953125 0.446875 0.0265625 0.053125
0 0.63125 0.46640625 0.03828125 0.053125
0 0.6390625 0.4046875 0.0453125 0.040625
0 0.68125 0.41484375 0.03359375 0.02890625
0 0.6453125 0.4578125 0.04296875 0.05546875
0 0.68125 0.46015625 0.03828125 0.04296875
0 0.71640625 0.4515625 0.06015625 0.03359375
0 0.765625 0.42890625 0.0625 0.0359375
0 0.71640625 0.51171875 0.06953125 0.0671875
0 0.4796875 0.5203125 0.0671875 0.04296875
0 0.49296875 0.55625 0.071875 0.03359375
0 0.50625 0.61875 0.0453125 0.0796875
0 0.553125 0.540625 0.03359375 0.09375
0 0.56484375 0.59140625 0.0578125 0.0484375
0 0.5671875 0.64765625 0.0453125 0.09375
0 0.6 0.65234375 0.04296875 0.0765625
0 0.6265625 0.6 0.03359375 0.06484375
0 0.69375 0.68046875 0.06953125 0.0796875
0 0.725 0.6265625 0.04296875 0.05546875
0 0.9359375 0.80390625 0.0796875 0.10078125
0 0.88203125 0.80859375 0.0578125 0.0578125