0 0.06875 0.38125 0.103125 0.10078125
0 0.1359375 0.3296875 0.09140625 0.0984375
0 0.21015625 0.31953125 0.0984375 0.115625
0 0.290625 0.265625 0.084375 0.071875
0 0.3765625 0.196875 0.084375 0.0765625
0 0.4 0.2453125 0.06015625 0.06015625
0 0.459375 0.2328125 0.08203125 0.10078125
0 0.3953125 0.296875 0.0671875 0.08203125
0 0.40625 0.3546875 0.103125 0.12734375
0 0.3078125 0.45546875 0.125 0.09375
0 0.2296875 0.384375 0.0359375 0.06953125
0 0.165625 0.3953125 0.07421875 0.0484375
0 0.17578125 0.4625 0.1078125 0.09375
0 0.30859375 0.61328125 0.0796875 0.0578125
0 0.37109375 0.58671875 0.071875 0.08203125
0 0.4046875 0.55546875 0.06015625 0.0625
0 0.49609375 0.54921875 0.1078125 0.0890625
0 0.5609375 0.4375 0.084375 0.0671875
0 0.41953125 0.72578125 0.06015625 0.071875
0 0.475 0.68984375 0.053125 0.0671875
0 0.52265625 0.70078125 0.0765625 0.09609375
0 0.59375 0.734375 0.09609375 0.1109375
0 0.74375 0.66484375 0.08671875 0.15390625
0 0.8421875 0.74609375 0.07421875 0.125
0 0.9234375 0.64453125 0.10078125 0.1203125