0 0.06015625 0.459375 0.053125 0.09375
0 0.1265625 0.415625 0.05078125 0.09140625
0 0.18359375 0.3640625 0.06953125 0.0890625
0 0.334375 0.3390625 0.06015625 0.0796875
0 0.26953125 0.4125 0.04296875 0.05546875
0 0.2046875 0.47734375 0.0671875 0.03359375
0 0.1984375 0.521875 0.03359375 0.06484375
0 0.1890625 0.5796875 0.0625 0.04296875
0 0.2609375 0.51328125 0.06015625 0.0625
0 0.240625 0.55859375 0.05546875 0.02890625
0 0.30390625 0.45703125 0.0578125 0.06015625
0 0.37109375 0.41328125 0.040625 0.08203125
0 0.31875 0.51796875 0.05546875 0.053125
0 0.290625 0.56953125 0.0625 0.06953125
0 0.24765625 0.615625 0.05546875 0.06953125
0 0.2140625 0.65234375 0.0890625 0.06015625
0 0.20703125 0.69453125 0.04296875 0.09609375
0 0.19921875 0.76953125 0.03125 0.0625
0 0.24375 0.78828125 0.0359375 0.115625
0 0.2640625 0.7078125 0.0453125 0.053125
0 0.2796875 0.76796875 0.02890625 0.06953125
0 0.3015625 0.91328125 0.0765625 0.1390625
0 0.3609375 0.7546875 0.0484375 0.103125
0 0.328125 0.70078125 0.0453125 0.084375
0 0.30546875 0.69609375 0.021875 0.10546875
0 0.3078125 0.6359375 0.05546875 0.084375
0 0.37265625 0.5828125 0.03125 0.05078125
0 0.37890625 0.64921875 0.06015625 0.08671875
0 0.44140625 0.69375 0.06015625 0.115625
0 0.40625 0.55625 0.0453125 0.10078125
0 0.4203125 0.47109375 0.0578125 0.09609375
0 0.38203125 0.49296875 0.053125 0.07421875
0 0.46171875 0.5375 0.0484375 0.09609375
0 0.46015625 0.421875 0.03125 0.0796875
0 0.5203125 0.428125 0.03359375 0.0625
0 0.51796875 0.484375 0.06484375 0.09140625
0 0.5515625 0.51796875 0.0765625 0.084375
0 0.5765625 0.41484375 0.03359375 0.053125
0 0.584375 0.35703125 0.04296875 0.03828125
0 0.553125 0.3890625 0.05078125 0.03828125
0 0.5515625 0.35234375 0.053125 0.0671875
0 0.53984375 0.30859375 0.05546875 0.0625
0 0.6359375 0.30078125 0.06484375 0.06015625
0 0.60546875 0.37109375 0.03828125 0.0578125
0 0.65625 0.3328125 0.03828125 0.0453125
0 0.70078125 0.3015625 0.06015625 0.05546875
0 0.6734375 0.38203125 0.0265625 0.08203125
0 0.6515625 0.39296875 0.0484375 0.053125
0 0.6296875 0.42421875 0.0625 0.0796875
0 0.62734375 0.48671875 0.04296875 0.08203125
0 0.6921875 0.459375 0.0453125 0.08671875
0 0.77890625 0.43046875 0.08671875 0.071875
0 0.75 0.384375 0.0453125 0.04296875
0 0.77421875 0.321875 0.0359375 0.08203125
0 0.7546875 0.26328125 0.03359375 0.053125
0 0.80078125 0.2359375 0.06484375 0.053125
0 0.8140625 0.2765625 0.0484375 0.02890625
0 0.8109375 0.38203125 0.04296875 0.09609375
0 0.81875 0.34765625 0.0796875 0.0890625
0 0.87265625 0.290625 0.06015625 0.053125
0 0.859375 0.234375 0.0453125 0.08203125
0 0.921875 0.13359375 0.03828125 0.08671875
0 0.93359375 0.29453125 0.04296875 0.0671875
0 0.93515625 0.36328125 0.040625 0.0625
0 0.88828125 0.3484375 0.03828125 0.07421875