0 0.30390625 0.70078125 0.06484375 0.12265625
0 0.3421875 0.68515625 0.05078125 0.0484375
0 0.353125 0.7234375 0.06953125 0.06953125
0 0.41484375 0.6828125 0.06484375 0.0484375
0 0.4578125 0.69375 0.0484375 0.053125
0 0.4203125 0.73828125 0.0671875 0.07421875
0 0.4796875 0.7546875 0.0671875 0.07421875
0 0.5375 0.7484375 0.0765625 0.06953125
0 0.5890625 0.76953125 0.06953125 0.071875
0 0.60703125 0.75390625 0.05078125 0.053125
0 0.7125 0.74296875 0.06015625 0.071875
0 0.66953125 0.73203125 0.0578125 0.05078125
0 0.703125 0.7078125 0.0578125 0.0453125
0 0.63125 0.7125 0.10078125 0.05546875
0 0.59375 0.70078125 0.06015625 0.040625
0 0.53984375 0.70546875 0.05546875 0.04296875
0 0.509375 0.6921875 0.05078125 0.03828125
0 0.5203125 0.6625 0.0484375 0.0578125
0 0.5484375 0.63203125 0.05546875 0.04296875
0 0.58671875 0.63671875 0.05078125 0.08203125
0 0.5953125 0.60234375 0.04296875 0.05078125
0 0.64453125 0.640625 0.03828125 0.02890625
0 0.678125 0.6671875 0.0796875 0.040625
0 0.71484375 0.646875 0.05546875 0.0625
0 0.7640625 0.6453125 0.05078125 0.05546875
0 0.8328125 0.65234375 0.06015625 0.06953125
0 0.7609375 0.61640625 0.07421875 0.05078125
0 0.759375 0.59765625 0.06484375 0.05078125
0 0.77421875 0.5734375 0.0671875 0.0578125
0 0.72734375 0.54921875 0.06484375 0.0484375
0 0.6765625 0.57578125 0.06015625 0.03125
0 0.62890625 0.5921875 0.04296875 0.04296875
0 0.6359375 0.55859375 0.053125 0.03125
0 0.66484375 0.5421875 0.04296875 0.040625
0 0.69375 0.52265625 0.0453125 0.03359375
0 0.7125 0.54453125 0.05546875 0.053125
0 0.7515625 0.53828125 0.0484375 0.03359375
0 0.70078125 0.48828125 0.0453125 0.04296875
0 0.6359375 0.48046875 0.053125 0.0625
0 0.671875 0.43984375 0.05546875 0.05546875
0 0.75234375 0.47265625 0.07421875 0.08671875
0 0.703125 0.41796875 0.0578125 0.05546875
0 0.69453125 0.3921875 0.02421875 0.0453125
0 0.725 0.3765625 0.06015625 0.06015625
0 0.77421875 0.31484375 0.0578125 0.06015625
0 0.7609375 0.25390625 0.03828125 0.0671875
0 0.790625 0.2640625 0.02890625 0.06015625
0 0.82421875 0.265625 0.03828125 0.07421875