0 0.31484375 0.21015625 0.134375 0.165625
0 0.21015625 0.46640625 0.125 0.14453125
0 0.31484375 0.45703125 0.08671875 0.115625
0 0.41484375 0.36875 0.12734375 0.1078125
0 0.415625 0.21171875 0.0671875 0.125
0 0.6 0.3921875 0.08203125 0.13671875
0 0.734375 0.36875 0.12734375 0.11796875
0 0.87265625 0.46171875 0.11328125 0.1390625
0 0.55546875 0.50390625 0.1203125 0.1203125
0 0.41015625 0.5046875 0.13203125 0.115625
0 0.321875 0.646875 0.1078125 0.11328125
0 0.22578125 0.78125 0.09140625 0.1703125
0 0.34609375 0.821875 0.08671875 0.13671875
0 0.43125 0.78984375 0.12734375 0.1296875