0 0.1234375 0.65 0.10546875 0.1390625
0 0.09140625 0.4484375 0.0765625 0.1390625
0 0.40859375 0.40859375 0.11796875 0.10546875
0 0.390625 0.6203125 0.1296875 0.08203125
0 0.4734375 0.7046875 0.13671875 0.115625
0 0.35078125 0.08515625 0.0453125 0.11328125
0 0.43359375 0.08203125 0.06015625 0.084375
0 0.4578125 0.17578125 0.06015625 0.12734375
0 0.490625 0.1359375 0.0265625 0.07421875
0 0.55390625 0.06953125 0.071875 0.071875
0 0.5421875 0.17890625 0.0484375 0.10078125
0 0.47109375 0.0421875 0.03125 0.06015625
0 0.62734375 0.265625 0.08203125 0.09140625
0 0.553125 0.30859375 0.084375 0.0765625
0 0.578125 0.37734375 0.0984375 0.06015625
0 0.546875 0.44140625 0.13671875 0.04296875
0 0.5453125 0.48671875 0.09609375 0.06484375
0 0.5296875 0.55390625 0.053125 0.103125
0 0.76171875 0.21640625 0.06953125 0.071875