0 0.13671875 0.3015625 0.1875 0.1734375
0 0.25703125 0.35234375 0.0984375 0.06953125
0 0.25234375 0.446875 0.084375 0.1203125
0 0.1921875 0.4328125 0.1703125 0.1296875
0 0.19453125 0.5796875 0.1609375 0.24765625
0 0.2953125 0.74140625 0.13203125 0.1296875
0 0.35234375 0.6265625 0.15625 0.2046875
0 0.4640625 0.61640625 0.11328125 0.13671875
0 0.39453125 0.48828125 0.178125 0.14921875
0 0.36171875 0.4 0.1390625 0.1390625
0 0.57421875 0.4828125 0.18984375 0.1515625
0 0.5734375 0.60546875 0.12734375 0.11328125
0 0.73046875 0.6390625 0.209375 0.2859375
0 0.8703125 0.5796875 0.1703125 0.21875
0 0.8765625 0.46640625 0.103125 0.1390625