0 0.046875 0.44609375 0.021875 0.05078125
0 0.15234375 0.4171875 0.0140625 0.0484375
0 0.18515625 0.4234375 0.0265625 0.03828125
0 0.20703125 0.4234375 0.0265625 0.0484375
0 0.22265625 0.415625 0.0359375 0.03828125
0 0.2515625 0.4125 0.0265625 0.03828125
0 0.275 0.4125 0.01953125 0.02890625
0 0.30390625 0.4 0.02421875 0.04296875
0 0.17421875 0.5375 0.03125 0.05078125
0 0.68125 0.6109375 0.0265625 0.05078125
0 0.71640625 0.6625 0.01953125 0.03125
0 0.7046875 0.709375 0.0171875 0.040625
0 0.69453125 0.74765625 0.0171875 0.040625
0 0.72109375 0.74296875 0.0265625 0.0359375
0 0.71015625 0.5796875 0.01171875 0.03359375
0 0.7234375 0.54921875 0.021875 0.04296875
0 0.7078125 0.490625 0.01953125 0.0453125
0 0.725 0.50703125 0.0265625 0.03125
0 0.7703125 0.45078125 0.0140625 0.03359375
0 0.81953125 0.98671875 0.01171875 0.0265625
0 0.8390625 0.9875 0.025 0.025
0 0.83046875 0.9625 0.0140625 0.0265625
0 0.83984375 0.93046875 0.01171875 0.03125
0 0.90390625 0.921875 0.021875 0.040625
0 0.915625 0.90390625 0.0171875 0.05546875
0 0.94140625 0.88671875 0.01953125 0.02421875
0 0.9265625 0.94453125 0.02890625 0.03828125
0 0.94921875 0.92421875 0.0171875 0.03359375
0 0.9265625 0.953125 0.03359375 0.0359375
0 0.984375 0.86796875 0.021875 0.03359375
0 0.96484375 0.81640625 0.021875 0.02890625
0 0.97109375 0.709375 0.0171875 0.0359375
0 0.9578125 0.59609375 0.009375 0.02421875
0 0.96484375 0.66328125 0.01953125 0.03125
0 0.9265625 0.62109375 0.01953125 0.0171875
0 0.94140625 0.6390625 0.01171875 0.02421875
0 0.921875 0.59140625 0.0171875 0.021875
0 0.915625 0.55390625 0.00703125 0.021875
0 0.69609375 0.4046875 0.00703125 0.0140625
0 0.71015625 0.4171875 0.009375 0.021875
0 0.80859375 0.428125 0.00703125 0.021875
0 0.8484375 0.41015625 0.01171875 0.0265625
0 0.8578125 0.44453125 0.02421875 0.040625
0 0.803125 0.39921875 0.0140625 0.021875
0 0.8140625 0.39765625 0.01953125 0.0171875
0 0.8125 0.3796875 0.009375 0.02890625
0 0.8125 0.34140625 0.01171875 0.0171875
0 0.83984375 0.36640625 0.01953125 0.03828125
0 0.7828125 0.29453125 0.0171875 0.0359375
0 0.796875 0.3109375 0.01171875 0.02421875
0 0.8078125 0.3265625 0.01171875 0.0359375
0 0.8171875 0.31015625 0.0140625 0.02890625