0 0.275 0.0453125 0.0484375 0.08203125
0 0.26171875 0.2640625 0.0484375 0.1390625
0 0.3140625 0.21484375 0.03828125 0.10546875
0 0.33984375 0.2640625 0.06015625 0.084375
0 0.35546875 0.1421875 0.0453125 0.06484375
0 0.36640625 0.228125 0.040625 0.02890625
0 0.42890625 0.178125 0.0359375 0.06484375
0 0.4578125 0.2015625 0.06953125 0.0578125
0 0.40625 0.303125 0.06015625 0.10078125
0 0.4328125 0.26796875 0.0578125 0.0671875
0 0.5 0.31484375 0.0453125 0.08203125
0 0.5828125 0.35546875 0.0484375 0.1078125
0 0.51953125 0.41953125 0.06484375 0.09375
0 0.4359375 0.4796875 0.08203125 0.10078125
0 0.25390625 0.62890625 0.04296875 0.1109375
0 0.37109375 0.7546875 0.0984375 0.14453125
0 0.66328125 0.73671875 0.1109375 0.11796875
0 0.59765625 0.6421875 0.10078125 0.11796875
0 0.6828125 0.60078125 0.08203125 0.1109375
0 0.678125 0.5171875 0.0765625 0.08203125
0 0.66015625 0.484375 0.0796875 0.09375
0 0.59140625 0.48203125 0.053125 0.10078125
0 0.7046875 0.25859375 0.08671875 0.09140625