0 0.02890625 0.21015625 0.03828125 0.0625
0 0.06484375 0.22109375 0.03828125 0.053125
0 0.11171875 0.209375 0.05078125 0.07421875
0 0.1421875 0.1828125 0.03359375 0.071875
0 0.134375 0.25703125 0.04296875 0.115625
0 0.16484375 0.2484375 0.02421875 0.09375
0 0.19609375 0.20703125 0.03359375 0.0359375
0 0.2453125 0.14296875 0.04296875 0.0625
0 0.35 0.10078125 0.04296875 0.04296875
0 0.3265625 0.16953125 0.0265625 0.08203125
0 0.35703125 0.15625 0.021875 0.03125
0 0.4015625 0.12734375 0.0359375 0.0453125
0 0.45546875 0.0578125 0.04296875 0.0453125
0 0.48046875 0.078125 0.02421875 0.03359375
0 0.51796875 0.0109375 0.01953125 0.021875
0 0.5421875 0.015625 0.01953125 0.03125
0 0.57578125 0.015625 0.021875 0.021875
0 0.40234375 0.16953125 0.03828125 0.053125
0 0.4328125 0.1515625 0.021875 0.05078125
0 0.47109375 0.1109375 0.02421875 0.040625
0 0.4859375 0.16328125 0.0359375 0.03828125
0 0.36171875 0.20546875 0.0171875 0.053125
0 0.3703125 0.2328125 0.0484375 0.040625
0 0.39765625 0.2203125 0.0359375 0.03828125
0 0.52890625 0.125 0.021875 0.05078125
0 0.546875 0.0765625 0.0265625 0.0359375
0 0.54453125 0.0484375 0.021875 0.0265625
0 0.55546875 0.08203125 0.021875 0.0453125
0 0.584375 0.0640625 0.01953125 0.0265625
0 0.58203125 0.09765625 0.03828125 0.03359375
0 0.69453125 0.0375 0.03125 0.05546875
0 0.72265625 0.04921875 0.01171875 0.02890625
0 0.79296875 0.01953125 0.0453125 0.03125
0 0.85703125 0.009375 0.0171875 0.01875
0 0.8609375 0.0359375 0.0359375 0.0578125
0 0.8859375 0.040625 0.03828125 0.0265625
0 0.90390625 0.01953125 0.0265625 0.02890625
0 0.92578125 0.0515625 0.02421875 0.0359375
0 0.81953125 0.11640625 0.02890625 0.0796875
0 0.66796875 0.13828125 0.021875 0.0625
0 0.60546875 0.13359375 0.02421875 0.0625
0 0.57578125 0.165625 0.02421875 0.071875
0 0.5359375 0.1890625 0.04296875 0.07421875
0 0.4859375 0.20546875 0.009375 0.071875
0 0.4890625 0.24375 0.0484375 0.03125
0 0.42578125 0.24375 0.0265625 0.06484375
0 0.3953125 0.3265625 0.03828125 0.09375
0 0.3796875 0.38359375 0.02890625 0.05078125
0 0.29921875 0.5421875 0.08671875 0.16796875
0 0.16953125 0.696875 0.09375 0.19921875
0 0.3390625 0.73046875 0.06015625 0.2859375
0 0.4703125 0.83203125 0.11796875 0.2328125
0 0.42421875 0.70078125 0.0453125 0.08671875
0 0.46484375 0.71171875 0.02890625 0.09375
0 0.4484375 0.63828125 0.0578125 0.13203125
0 0.44921875 0.39921875 0.0359375 0.13203125
0 0.49140625 0.31015625 0.03359375 0.084375
0 0.54453125 0.2953125 0.04296875 0.10546875
0 0.51171875 0.5140625 0.0671875 0.14453125
0 0.57109375 0.59609375 0.08203125 0.1203125
0 0.6921875 0.60546875 0.11796875 0.16328125
0 0.71171875 0.55859375 0.040625 0.10078125
0 0.72578125 0.5375 0.05078125 0.11796875
0 0.71640625 0.478125 0.06015625 0.115625
0 0.77421875 0.5140625 0.040625 0.05078125
0 0.86328125 0.609375 0.10078125 0.134375
0 0.82109375 0.478125 0.053125 0.07421875
0 0.82578125 0.4203125 0.05546875 0.1203125
0 0.7328125 0.41796875 0.0625 0.08203125
0 0.7390625 0.33984375 0.0453125 0.10078125
0 0.5875 0.2203125 0.03125 0.05546875
0 0.60546875 0.2859375 0.03828125 0.1078125
0 0.6234375 0.334375 0.0359375 0.07421875
0 0.62109375 0.40625 0.0578125 0.09140625
0 0.64765625 0.25390625 0.01953125 0.0671875
0 0.63359375 0.203125 0.01953125 0.05546875
0 0.62109375 0.18125 0.02421875 0.0890625
0 0.678125 0.228125 0.0359375 0.05078125
0 0.6921875 0.20703125 0.0359375 0.03125
0 0.72265625 0.196875 0.03828125 0.06953125
0 0.65234375 0.1390625 0.02890625 0.05078125
0 0.81875 0.259375 0.03828125 0.08671875
0 0.85546875 0.178125 0.04296875 0.09609375
0 0.85234375 0.2515625 0.02890625 0.0984375
0 0.8921875 0.2796875 0.06015625 0.103125
0 0.88828125 0.1625 0.021875 0.0625
0 0.96875 0.2859375 0.0578125 0.13203125
0 0.978125 0.2171875 0.04296875 0.08671875
0 0.921875 0.1390625 0.0359375 0.07421875
0 0.96484375 0.115625 0.06015625 0.06953125