0 0.1859375 0.4421875 0.0765625 0.1515625
0 0.13671875 0.6921875 0.12734375 0.165625
0 0.428125 0.665625 0.11328125 0.09609375
0 0.49296875 0.76796875 0.12265625 0.1109375
0 0.51953125 0.43359375 0.11328125 0.10546875
0 0.63671875 0.55859375 0.10078125 0.07421875
0 0.6390625 0.50390625 0.11328125 0.08203125
0 0.70703125 0.43046875 0.0796875 0.08671875
0 0.69453125 0.365625 0.07421875 0.0984375
0 0.765625 0.3015625 0.0578125 0.1296875
0 0.91328125 0.2859375 0.07421875 0.11796875
0 0.6984375 0.2203125 0.03359375 0.08671875
0 0.66328125 0.17578125 0.05546875 0.0796875
0 0.634375 0.21640625 0.021875 0.0671875
0 0.609375 0.178125 0.0578125 0.125
0 0.5359375 0.10703125 0.06015625 0.125
0 0.61640625 0.071875 0.0359375 0.08671875
0 0.703125 0.02890625 0.05078125 0.0578125
0 0.7546875 0.1 0.0453125 0.0890625
0 0.69453125 0.1140625 0.05078125 0.08671875