0 0.6390625 0.0546875 0.00390625 0.0046875
0 0.65703125 0.053125 0.00546875 0.00625
0 0.6671875 0.0390625 0.00546875 0.00703125
0 0.61640625 0.0109375 0.00859375 0.00859375
0 0.5640625 0.0265625 0.00625 0.00390625
0 0.58671875 0.0890625 0.00546875 0.00625
0 0.59765625 0.0890625 0.00390625 0.00546875
0 0.590625 0.08828125 0.003125 0.0046875
0 0.640625 0.3078125 0.00234375 0.00859375
0 0.6453125 0.3140625 0.00625 0.00390625
0 0.665625 0.14765625 0.003125 0.00546875
0 0.67578125 0.14765625 0.003125 0.00390625
0 0.721875 0.17265625 0.00703125 0.00625
0 0.7390625 0.2421875 0.003125 0.01015625
0 0.728125 0.2578125 0.00390625 0.00390625
0 0.7015625 0.2515625 0.0046875 0.009375
0 0.64609375 0.265625 0.0046875 0.0078125
0 0.625 0.23828125 0.00390625 0.009375
0 0.609375 0.27734375 0.0046875 0.003125
0 0.54765625 0.36484375 0.00234375 0.00390625
0 0.73984375 0.26171875 0.0046875 0.0046875
0 0.65703125 0.609375 0.003125 0.00625
0 0.66328125 0.61953125 0.00234375 0.00546875
0 0.665625 0.6203125 0.00390625 0.0046875
0 0.675 0.6421875 0.003125 0.0078125
0 0.68984375 0.65390625 0.003125 0.00546875
0 0.69375 0.65078125 0.00546875 0.00234375
0 0.678125 0.6859375 0.00390625 0.00703125
0 0.67265625 0.6859375 0.00234375 0.00703125
0 0.84375 0.41171875 0.00390625 0.00859375
0 0.8484375 0.4125 0.00234375 0.0078125
0 0.82578125 0.46015625 0.0046875 0.0078125
0 0.8453125 0.4859375 0.00390625 0.00859375
0 0.846875 0.525 0.00546875 0.00703125
0 0.88203125 0.58984375 0.00625 0.0046875
0 0.87265625 0.6234375 0.00625 0.0078125
0 0.86875 0.63515625 0.00625 0.00625
0 0.86015625 0.58828125 0.00625 0.00390625
0 0.85859375 0.578125 0.00234375 0.009375
0 0.81796875 0.571875 0.00546875 0.00390625
0 0.82734375 0.5265625 0.0046875 0.00625
0 0.9890625 0.6421875 0.00234375 0.00625
0 0.94765625 0.59375 0.003125 0.00390625
0 0.94296875 0.5703125 0.0046875 0.00390625