0 0.56015625 0.48046875 0.00625 0.00546875
0 0.56640625 0.48359375 0.0015625 0.00703125
0 0.571875 0.4890625 0.003125 0.00859375
0 0.57890625 0.48828125 0.003125 0.00703125
0 0.56875 0.50625 0.003125 0.00859375
0 0.42421875 0.67265625 0.00390625 0.0125
0 0.48125 0.68828125 0.00234375 0.00859375
0 0.50390625 0.7 0.00703125 0.00625
0 0.48828125 0.65703125 0.0046875 0.009375
0 0.49609375 0.625 0.00390625 0.00390625
0 0.496875 0.63046875 0.00234375 0.0046875
0 0.49921875 0.6359375 0.00390625 0.00625
0 0.50234375 0.60234375 0.00390625 0.00234375
0 0.50703125 0.59765625 0.00078125 0.0046875
0 0.50625 0.60234375 0.0015625 0.00625
0 0.5109375 0.6 0.003125 0.00390625
0 0.509375 0.59609375 0.00078125 0.00546875
0 0.5171875 0.6625 0.00390625 0.0046875
0 0.521875 0.6875 0.00390625 0.00625
0 0.45234375 0.715625 0.0046875 0.00625
0 0.4796875 0.78203125 0.00234375 0.01015625
0 0.48203125 0.78203125 0.00390625 0.00390625
0 0.48671875 0.77734375 0.00234375 0.00625
0 0.55234375 0.74765625 0.00390625 0.00625
0 0.55390625 0.728125 0.00546875 0.0046875
0 0.5296875 0.65859375 0.003125 0.0046875
0 0.50390625 0.615625 0.003125 0.003125
0 0.4671875 0.61953125 0.003125 0.00390625
0 0.471875 0.62890625 0.003125 0.00234375
0 0.45859375 0.61484375 0.00390625 0.00859375
0 0.38046875 0.55390625 0.0046875 0.00859375
0 0.378125 0.5609375 0.00234375 0.00625
0 0.37890625 0.56875 0.0015625 0.00625
0 0.38046875 0.56796875 0.0046875 0.003125
0 0.3859375 0.57265625 0.00390625 0.00625
0 0.3859375 0.5640625 0.0046875 0.0046875
0 0.4046875 0.59609375 0.00390625 0.00625
0 0.41484375 0.615625 0.003125 0.00234375
0 0.415625 0.6109375 0.00234375 0.00546875
0 0.41953125 0.6125 0.00546875 0.00390625
0 0.4015625 0.5875 0.0046875 0.00703125
0 0.3984375 0.57734375 0.00390625 0.0046875
0 0.55390625 0.83203125 0.003125 0.0078125
0 0.5640625 0.83125 0.0015625 0.00625
0 0.6125 0.86015625 0.00546875 0.009375
0 0.53671875 0.95 0.0046875 0.00703125
0 0.515625 0.93671875 0.00234375 0.00859375
0 0.52734375 0.921875 0.00546875 0.00390625
0 0.59375 0.946875 0.00546875 0.00703125
0 0.61484375 0.93828125 0.0046875 0.00390625
0 0.62578125 0.9234375 0.003125 0.01015625
0 0.5 0.959375 0.0046875 0.00390625
0 0.53046875 0.98984375 0.00234375 0.00625
0 0.615625 0.6484375 0.00625 0.00703125
0 0.596875 0.6546875 0.0046875 0.00703125
0 0.56796875 0.61171875 0.0046875 0.009375
0 0.55546875 0.5609375 0.00703125 0.00625
0 0.58671875 0.5578125 0.00390625 0.00390625