0 0.3796875 0.44140625 0.00546875 0.00546875
0 0.4703125 0.7578125 0.0046875 0.01484375
0 0.45546875 0.7359375 0.009375 0.0109375
0 0.46640625 0.72421875 0.00625 0.0109375
0 0.46875 0.70546875 0.009375 0.00625
0 0.38515625 0.6984375 0.00625 0.01484375
0 0.353125 0.78203125 0.0078125 0.009375
0 0.459375 0.73125 0.003125 0.0078125
0 0.5421875 0.6984375 0.0078125 0.01640625
0 0.4859375 0.83125 0.00703125 0.009375
0 0.49375 0.828125 0.0078125 0.01015625
0 0.65 0.73671875 0.01171875 0.01484375
0 0.64140625 0.8171875 0.00703125 0.015625
0 0.59296875 0.68203125 0.0046875 0.015625
0 0.64453125 0.7171875 0.0109375 0.0078125
0 0.57421875 0.69140625 0.0078125 0.00625
0 0.4984375 0.88984375 0.00546875 0.01171875
0 0.70625 0.90703125 0.00625 0.0171875
0 0.14140625 0.64765625 0.01328125 0.0078125
0 0.1203125 0.5890625 0.00625 0.0171875