0 0.1078125 0.646875 0.03828125 0.06953125
0 0.14921875 0.49765625 0.05078125 0.04296875
0 0.10703125 0.4890625 0.0265625 0.06015625
0 0.30078125 0.5015625 0.053125 0.06015625
0 0.22734375 0.6296875 0.03125 0.053125
0 0.240625 0.67890625 0.05078125 0.04296875
0 0.290625 0.64296875 0.03125 0.06484375
0 0.28515625 0.9375 0.040625 0.05078125
0 0.3171875 0.90234375 0.02890625 0.03359375
0 0.32109375 0.97578125 0.0578125 0.0484375
0 0.3640625 0.93359375 0.02421875 0.08203125
0 0.4234375 0.91484375 0.021875 0.06015625
0 0.47265625 0.8890625 0.04296875 0.02421875
0 0.4796875 0.83671875 0.0359375 0.02421875
0 0.459375 0.79921875 0.0578125 0.0625
0 0.53515625 0.89765625 0.03359375 0.06015625
0 0.51171875 0.97109375 0.0625 0.0578125
0 0.59140625 0.9671875 0.03125 0.06484375
0 0.56640625 0.87109375 0.0359375 0.03359375
0 0.52890625 0.82109375 0.03125 0.053125
0 0.57109375 0.82109375 0.03828125 0.0578125
0 0.59765625 0.821875 0.03125 0.06953125
0 0.61796875 0.790625 0.02421875 0.05546875
0 0.6046875 0.62890625 0.05546875 0.08203125
0 0.68125 0.64453125 0.02421875 0.06953125
0 0.7390625 0.61328125 0.03828125 0.0453125
0 0.775 0.571875 0.0265625 0.071875
0 0.8125 0.6046875 0.0578125 0.05546875
0 0.71015625 0.58046875 0.05078125 0.084375
0 0.6453125 0.58046875 0.04296875 0.09140625
0 0.69375 0.453125 0.0625 0.0765625
0 0.76796875 0.446875 0.0625 0.06484375
0 0.6734375 0.38203125 0.05078125 0.06953125
0 0.73671875 0.3546875 0.0359375 0.0578125
0 0.75703125 0.2984375 0.03125 0.040625
0 0.82578125 0.31953125 0.03359375 0.053125
0 0.8015625 0.12265625 0.040625 0.0796875
0 0.88828125 0.08046875 0.02890625 0.06953125
0 0.92421875 0.1625 0.03828125 0.0578125
0 0.9484375 0.21640625 0.0484375 0.040625
0 0.62265625 0.0796875 0.03828125 0.0484375
0 0.64453125 0.11875 0.0453125 0.01953125
0 0.6625 0.19921875 0.040625 0.07421875
0 0.63828125 0.146875 0.03828125 0.05546875
0 0.5734375 0.03125 0.06015625 0.05078125
0 0.56015625 0.0953125 0.04296875 0.03828125
0 0.578125 0.1421875 0.040625 0.0453125
0 0.5828125 0.2078125 0.0578125 0.0765625
0 0.5296875 0.25703125 0.021875 0.0578125
0 0.51328125 0.23828125 0.04296875 0.06484375
0 0.475 0.30078125 0.03828125 0.08671875
0 0.3484375 0.421875 0.040625 0.06953125
0 0.36328125 0.484375 0.04296875 0.05546875
0 0.390625 0.43984375 0.03828125 0.0578125
0 0.4421875 0.4359375 0.0453125 0.0359375
0 0.42890625 0.490625 0.02421875 0.0625
0 0.41484375 0.5171875 0.0265625 0.04296875
0 0.41796875 0.578125 0.02890625 0.0484375
0 0.428125 0.56015625 0.03125 0.04296875
0 0.453125 0.5921875 0.0359375 0.06484375
0 0.4734375 0.5265625 0.03828125 0.06484375
0 0.46484375 0.4890625 0.02421875 0.0671875
0 0.48828125 0.44140625 0.02890625 0.06015625
0 0.5296875 0.40625 0.03359375 0.0453125
0 0.5671875 0.36171875 0.02890625 0.053125
0 0.53125 0.4546875 0.040625 0.053125
0 0.49765625 0.4953125 0.03125 0.05078125