0 0.11171875 0.16328125 0.11796875 0.1078125
0 0.42890625 0.14296875 0.0890625 0.12265625
0 0.56640625 0.11796875 0.0796875 0.071875
0 0.65 0.11328125 0.03828125 0.05078125
0 0.6421875 0.15390625 0.06953125 0.06953125
0 0.60234375 0.2140625 0.06953125 0.115625
0 0.67890625 0.19609375 0.07421875 0.0671875
0 0.7296875 0.25859375 0.0984375 0.12265625
0 0.734375 0.1265625 0.0796875 0.084375
0 0.8015625 0.20546875 0.115625 0.084375
0 0.80390625 0.1546875 0.03359375 0.06484375
0 0.8609375 0.16484375 0.06484375 0.08671875
0 0.9359375 0.178125 0.0625 0.0625
0 0.89765625 0.146875 0.0578125 0.06484375
0 0.97109375 0.12890625 0.0578125 0.071875
0 0.9328125 0.0953125 0.10546875 0.11796875
0 0.89296875 0.46875 0.1203125 0.15859375
0 0.71875 0.7546875 0.0625 0.228125
0 0.63203125 0.553125 0.071875 0.24296875
0 0.58203125 0.478125 0.03828125 0.16796875
0 0.55546875 0.48046875 0.0625 0.11328125
0 0.51328125 0.51796875 0.03828125 0.05546875
0 0.5203125 0.62109375 0.08203125 0.11328125
0 0.34375 0.6890625 0.06015625 0.19453125
0 0.19453125 0.89765625 0.08203125 0.16796875
0 0.0953125 0.6453125 0.053125 0.1078125
0 0.1078125 0.5265625 0.103125 0.1203125
0 0.1609375 0.5953125 0.0453125 0.11328125
0 0.240625 0.5328125 0.10078125 0.11796875
0 0.259375 0.609375 0.0625 0.16796875
0 0.3265625 0.48828125 0.09375 0.08203125
0 0.34765625 0.42890625 0.1203125 0.10078125
0 0.28359375 0.4203125 0.10078125 0.084375
0 0.3328125 0.56484375 0.09375 0.0625
0 0.4421875 0.50703125 0.12734375 0.1421875