0 0.33046875 0.39453125 0.021875 0.03359375
0 0.3640625 0.38359375 0.03125 0.02890625
0 0.4046875 0.3890625 0.02890625 0.02890625
0 0.39296875 0.4265625 0.021875 0.021875
0 0.37109375 0.44609375 0.01953125 0.02890625
0 0.3921875 0.4484375 0.02421875 0.01953125
0 0.39921875 0.46015625 0.021875 0.02421875
0 0.3765625 0.475 0.01953125 0.0265625
0 0.36171875 0.59765625 0.021875 0.05078125
0 0.5640625 0.4578125 0.02890625 0.04296875
0 0.53515625 0.4796875 0.02421875 0.02421875
0 0.49609375 0.46875 0.0140625 0.0359375