0 0.83671875 0.64453125 0.0265625 0.040625
0 0.87265625 0.696875 0.03359375 0.05078125
0 0.890625 0.65859375 0.02890625 0.04296875
0 0.9234375 0.6703125 0.0265625 0.05546875
0 0.9515625 0.66484375 0.01953125 0.053125
0 0.9640625 0.640625 0.040625 0.0453125
0 0.56640625 0.36640625 0.01953125 0.040625
0 0.0875 0.84765625 0.04296875 0.053125
0 0.21640625 0.771875 0.0453125 0.04296875
0 0.2171875 0.8328125 0.0625 0.0578125
0 0.1609375 0.40625 0.03125 0.0484375
0 0.2203125 0.42578125 0.01953125 0.040625
0 0.20703125 0.4234375 0.0140625 0.03125
0 0.24296875 0.45703125 0.01953125 0.053125
0 0.31484375 0.44921875 0.04296875 0.06015625
0 0.4359375 0.43125 0.03125 0.06015625
0 0.37890625 0.4109375 0.0171875 0.0484375
0 0.19375 0.321875 0.02890625 0.02890625
0 0.17578125 0.31875 0.01171875 0.0265625
0 0.18125 0.3015625 0.0140625 0.03828125
0 0.15390625 0.3078125 0.03125 0.0453125
0 0.14453125 0.29296875 0.03125 0.040625
0 0.084375 0.23671875 0.03125 0.040625
0 0.14921875 0.22734375 0.0140625 0.0265625
0 0.15625 0.2546875 0.0171875 0.03125
0 0.16484375 0.2234375 0.0140625 0.03125
0 0.2390625 0.1609375 0.01953125 0.03125
0 0.36796875 0.0734375 0.021875 0.02890625