0 0.07578125 0.25625 0.04296875 0.084375
0 0.26171875 0.1296875 0.0265625 0.0890625
0 0.18984375 0.225 0.0359375 0.0671875
0 0.19375 0.2921875 0.03359375 0.05078125
0 0.19609375 0.3546875 0.04296875 0.071875
0 0.2203125 0.37734375 0.05078125 0.084375
0 0.26796875 0.3734375 0.02890625 0.0625
0 0.28359375 0.41328125 0.04296875 0.08203125
0 0.30546875 0.5671875 0.040625 0.10078125
0 0.38125 0.59140625 0.03828125 0.07421875
0 0.3578125 0.58984375 0.02421875 0.04296875
0 0.4234375 0.61875 0.0265625 0.06953125
0 0.52265625 0.640625 0.0578125 0.1109375
0 0.5828125 0.57109375 0.0265625 0.08671875
0 0.67421875 0.59765625 0.0484375 0.10546875
0 0.803125 0.48828125 0.0453125 0.09140625