0 0.24140625 0.3390625 0.12265625 0.19921875
0 0.28828125 0.11796875 0.084375 0.1921875
0 0.34765625 0.303125 0.15390625 0.10546875
0 0.54296875 0.275 0.09375 0.1734375
0 0.66015625 0.2796875 0.1734375 0.16328125
0 0.4515625 0.37109375 0.146875 0.0984375
0 0.37109375 0.4640625 0.15625 0.11796875
0 0.51328125 0.43515625 0.0890625 0.1203125
0 0.46171875 0.5875 0.1296875 0.2234375
0 0.62734375 0.5140625 0.0984375 0.27890625
0 0.73203125 0.47265625 0.0890625 0.2140625
0 0.5609375 0.78828125 0.11796875 0.18515625
0 0.696875 0.85078125 0.11328125 0.25234375
0 0.78515625 0.84375 0.10078125 0.2765625
0 0.25859375 0.57578125 0.1390625 0.12265625