0 0.11171875 0.41328125 0.0671875 0.084375
0 0.125 0.47734375 0.05078125 0.06015625
0 0.20078125 0.45546875 0.07421875 0.084375
0 0.27890625 0.4625 0.0625 0.0625
0 0.54453125 0.56640625 0.0578125 0.09140625
0 0.61640625 0.603125 0.03359375 0.06015625
0 0.68515625 0.6390625 0.08203125 0.084375
0 0.66953125 0.5953125 0.040625 0.07421875
0 0.6703125 0.521875 0.03828125 0.05078125
0 0.725 0.53515625 0.06953125 0.08671875
0 0.78359375 0.55859375 0.053125 0.08671875
0 0.8390625 0.56484375 0.040625 0.06953125
0 0.8921875 0.5734375 0.0765625 0.06484375
0 0.83515625 0.68046875 0.09140625 0.09609375