0 0.275 0.6625 0.0578125 0.053125
0 0.3328125 0.6140625 0.040625 0.0484375
0 0.240625 0.5015625 0.0359375 0.03125
0 0.2859375 0.49140625 0.02890625 0.040625
0 0.30546875 0.50625 0.0171875 0.02421875
0 0.31953125 0.49140625 0.0140625 0.01953125
0 0.34140625 0.4984375 0.03125 0.02890625
0 0.40234375 0.51328125 0.03125 0.03125
0 0.32578125 0.4703125 0.03125 0.0265625
0 0.3484375 0.48046875 0.0265625 0.02421875
0 0.37265625 0.47265625 0.021875 0.02421875
0 0.38671875 0.48203125 0.02890625 0.021875
0 0.390625 0.46171875 0.01953125 0.02421875
0 0.43359375 0.47734375 0.03828125 0.0265625
0 0.4640625 0.49609375 0.021875 0.01953125
0 0.5109375 0.48046875 0.0171875 0.01953125
0 0.4359375 0.4328125 0.0171875 0.0265625
0 0.4828125 0.40859375 0.01953125 0.02421875
0 0.49609375 0.415625 0.021875 0.01953125
0 0.50234375 0.4265625 0.01171875 0.021875
0 0.52421875 0.4234375 0.0171875 0.01953125
0 0.53984375 0.41328125 0.0140625 0.0140625
0 0.54921875 0.4265625 0.02421875 0.01953125
0 0.5640625 0.4171875 0.021875 0.009375
0 0.53515625 0.43359375 0.00703125 0.009375
0 0.5453125 0.453125 0.0171875 0.01953125
0 0.6671875 0.42578125 0.0140625 0.0140625
0 0.67578125 0.42890625 0.01171875 0.0140625
0 0.67890625 0.4359375 0.00703125 0.0140625
0 0.6890625 0.42890625 0.01953125 0.00703125
0 0.68984375 0.44140625 0.01171875 0.0140625
0 0.7484375 0.43984375 0.0140625 0.0140625
0 0.7828125 0.4328125 0.009375 0.021875
0 0.83515625 0.43515625 0.00703125 0.01171875
0 0.84375 0.4421875 0.00703125 0.0140625
0 0.85 0.43125 0.01171875 0.01953125
0 0.921875 0.44375 0.0140625 0.01953125
0 0.9625 0.4625 0.021875 0.021875