0 0.18125 0.3140625 0.10078125 0.1296875
0 0.1265625 0.4390625 0.1296875 0.1296875
0 0.07421875 0.38203125 0.053125 0.1078125
0 0.10703125 0.5796875 0.13203125 0.1078125
0 0.05625 0.7515625 0.06484375 0.13203125
0 0.1625 0.7484375 0.06015625 0.15390625
0 0.2484375 0.4578125 0.0890625 0.12265625
0 0.23203125 0.70546875 0.0578125 0.13203125
0 0.29453125 0.6671875 0.04296875 0.1703125
0 0.37734375 0.48203125 0.08203125 0.115625
0 0.421875 0.49765625 0.0796875 0.071875
0 0.5109375 0.31875 0.06015625 0.13671875
0 0.7234375 0.33515625 0.0765625 0.08203125
0 0.8078125 0.38359375 0.0484375 0.15859375
0 0.865625 0.3859375 0.06953125 0.1109375
0 0.9390625 0.36171875 0.08671875 0.0984375
0 0.8734375 0.29296875 0.09140625 0.12734375
0 0.55078125 0.59140625 0.0484375 0.115625
0 0.634375 0.66328125 0.06953125 0.13671875
0 0.53125 0.7140625 0.08203125 0.08203125
0 0.51171875 0.78359375 0.09140625 0.115625
0 0.85078125 0.7703125 0.05078125 0.19453125
0 0.95703125 0.8109375 0.05078125 0.178125