0 0.08046875 0.65234375 0.05546875 0.06484375
0 0.10234375 0.58046875 0.05546875 0.071875
0 0.12265625 0.53828125 0.08203125 0.0796875
0 0.2796875 0.36171875 0.06953125 0.0890625
0 0.3265625 0.13359375 0.071875 0.08203125
0 0.37265625 0.365625 0.0453125 0.10078125
0 0.3109375 0.4125 0.0453125 0.071875
0 0.365625 0.475 0.06015625 0.103125
0 0.415625 0.54921875 0.0796875 0.07421875
0 0.43125 0.66328125 0.10078125 0.10078125
0 0.44921875 0.42421875 0.07421875 0.0671875
0 0.5359375 0.46484375 0.1109375 0.071875
0 0.52734375 0.5625 0.0671875 0.07421875
0 0.7515625 0.1875 0.0625 0.084375
0 0.73671875 0.4828125 0.07421875 0.071875
0 0.66015625 0.49609375 0.0765625 0.08203125
0 0.70546875 0.6 0.0484375 0.05546875
0 0.8140625 0.4890625 0.06484375 0.04296875
0 0.78515625 0.5625 0.08203125 0.0625
0 0.85234375 0.56015625 0.07421875 0.06484375
0 0.8703125 0.60078125 0.0765625 0.053125