0 0.05625 0.13828125 0.0484375 0.09609375
0 0.08515625 0.13671875 0.01171875 0.07421875
0 0.103125 0.13828125 0.03828125 0.07421875
0 0.09375 0.18515625 0.02890625 0.06484375
0 0.109375 0.2125 0.03125 0.084375
0 0.140625 0.2390625 0.01953125 0.0671875
0 0.15 0.19140625 0.0359375 0.0453125
0 0.178125 0.22734375 0.02890625 0.0890625
0 0.1296875 0.27421875 0.03359375 0.08671875
0 0.2390625 0.2515625 0.0484375 0.0671875
0 0.2234375 0.3234375 0.02890625 0.040625
0 0.24140625 0.2921875 0.021875 0.02890625
0 0.19609375 0.37109375 0.0171875 0.06015625
0 0.18515625 0.43984375 0.03359375 0.0671875
0 0.21875 0.38828125 0.05078125 0.07421875
0 0.24296875 0.42890625 0.040625 0.06015625
0 0.290625 0.39765625 0.021875 0.0265625
0 0.2984375 0.43125 0.0453125 0.05546875
0 0.275 0.49140625 0.02421875 0.05078125
0 0.31015625 0.459375 0.053125 0.03359375
0 0.3015625 0.4671875 0.0171875 0.084375
0 0.31953125 0.49296875 0.02421875 0.05546875
0 0.34609375 0.328125 0.03828125 0.10078125
0 0.365625 0.44140625 0.04296875 0.0578125
0 0.415625 0.42421875 0.04296875 0.0671875
0 0.3453125 0.4890625 0.02890625 0.07421875
0 0.334375 0.59609375 0.040625 0.0796875
0 0.2796875 0.6203125 0.03828125 0.084375
0 0.3703125 0.61875 0.0453125 0.06953125
0 0.384375 0.5453125 0.02421875 0.0671875
0 0.41484375 0.5296875 0.03828125 0.0578125
0 0.40390625 0.58984375 0.0453125 0.03828125
0 0.43125 0.6265625 0.0453125 0.06484375
0 0.4265625 0.603125 0.0265625 0.04296875
0 0.4796875 0.51953125 0.03359375 0.084375
0 0.5203125 0.4859375 0.0578125 0.071875
0 0.60078125 0.5140625 0.040625 0.06953125
0 0.66015625 0.53515625 0.03359375 0.05078125
0 0.7078125 0.45078125 0.04296875 0.0671875
0 0.76171875 0.41953125 0.02890625 0.09375
0 0.78984375 0.33515625 0.03359375 0.053125
0 0.859375 0.365625 0.04296875 0.0796875
0 0.853125 0.40234375 0.021875 0.05546875
0 0.81015625 0.509375 0.04296875 0.0796875
0 0.8390625 0.4515625 0.03125 0.06015625
0 0.8484375 0.5046875 0.04296875 0.08203125
0 0.8578125 0.5578125 0.05546875 0.0625
0 0.8578125 0.615625 0.03125 0.06015625
0 0.82421875 0.65 0.04296875 0.06015625
0 0.79296875 0.66953125 0.0265625 0.0671875
0 0.79921875 0.60078125 0.0484375 0.040625
0 0.7984375 0.5625 0.03359375 0.02421875
0 0.7765625 0.6 0.040625 0.0484375
0 0.7609375 0.709375 0.03359375 0.06953125
0 0.7296875 0.6921875 0.02421875 0.04296875
0 0.76171875 0.553125 0.0265625 0.03359375
0 0.7546875 0.5328125 0.0359375 0.0671875
0 0.71875 0.56015625 0.03125 0.03828125
0 0.68046875 0.5828125 0.04296875 0.0578125
0 0.6859375 0.67421875 0.03828125 0.05546875
0 0.6359375 0.634375 0.02890625 0.05078125
0 0.64765625 0.69921875 0.040625 0.0484375
0 0.6296875 0.73203125 0.0359375 0.06953125
0 0.6046875 0.7328125 0.02421875 0.0578125
0 0.5875 0.646875 0.04296875 0.06484375
0 0.59765625 0.603125 0.02890625 0.02890625
0 0.5515625 0.64296875 0.03125 0.09140625
0 0.53125 0.6734375 0.021875 0.06953125
0 0.5140625 0.69140625 0.01953125 0.0765625
0 0.4796875 0.6234375 0.0359375 0.09609375
0 0.4828125 0.69140625 0.05078125 0.0484375
0 0.47578125 0.7328125 0.03828125 0.0359375
0 0.4953125 0.84140625 0.021875 0.0890625
0 0.44375 0.6734375 0.02421875 0.053125
0 0.43984375 0.7015625 0.02890625 0.06953125
0 0.41484375 0.69921875 0.01953125 0.03125
0 0.40859375 0.728125 0.040625 0.0578125
0 0.3921875 0.69921875 0.03125 0.06015625
0 0.37890625 0.7515625 0.0265625 0.1203125