0 0.109375 0.4984375 0.08671875 0.084375
0 0.16015625 0.3953125 0.09140625 0.134375
0 0.240625 0.646875 0.09375 0.103125
0 0.29296875 0.63359375 0.071875 0.0765625
0 0.24375 0.5875 0.08203125 0.06015625
0 0.35703125 0.54921875 0.084375 0.10546875
0 0.42890625 0.515625 0.06484375 0.0484375
0 0.48046875 0.53515625 0.04296875 0.05546875
0 0.42578125 0.55859375 0.053125 0.040625
0 0.46640625 0.6078125 0.08671875 0.08203125
0 0.5453125 0.546875 0.09609375 0.0625
0 0.60234375 0.578125 0.10546875 0.0671875
0 0.64296875 0.6421875 0.10078125 0.0765625
0 0.80625 0.74140625 0.103125 0.0984375
0 0.9 0.5203125 0.09609375 0.07421875
0 0.72265625 0.55546875 0.09375 0.0796875
0 0.65 0.4828125 0.09140625 0.0765625
0 0.63359375 0.4078125 0.0796875 0.071875
0 0.609375 0.36328125 0.0484375 0.05546875
0 0.5484375 0.36640625 0.08671875 0.103125
0 0.4796875 0.3484375 0.06484375 0.0671875
0 0.6453125 0.2671875 0.0890625 0.09609375
0 0.6890625 0.296875 0.0671875 0.0484375
0 0.7015625 0.3546875 0.12265625 0.0796875