0 0.0890625 0.56015625 0.03125 0.03125
0 0.16484375 0.46171875 0.02421875 0.02421875
0 0.209375 0.44375 0.03828125 0.02421875
0 0.2203125 0.46875 0.01953125 0.02421875
0 0.19609375 0.490625 0.03125 0.021875
0 0.25625 0.4515625 0.02890625 0.02421875
0 0.28359375 0.47109375 0.0265625 0.021875
0 0.3703125 0.61171875 0.0453125 0.0359375
0 0.38671875 0.52734375 0.0265625 0.02421875
0 0.5140625 0.52734375 0.021875 0.01953125
0 0.60078125 0.478125 0.02890625 0.021875
0 0.86796875 0.51171875 0.03125 0.0265625
0 0.84375 0.5203125 0.0265625 0.0171875
0 0.38203125 0.4515625 0.03125 0.0140625
0 0.4046875 0.42421875 0.01953125 0.02421875