0 0.171875 0.56484375 0.0171875 0.021875
0 0.2546875 0.525 0.01953125 0.021875
0 0.2515625 0.49140625 0.0140625 0.02421875
0 0.2796875 0.48203125 0.01953125 0.0140625
0 0.27890625 0.49140625 0.009375 0.0140625
0 0.27421875 0.50625 0.01953125 0.01953125
0 0.30546875 0.49375 0.0140625 0.0171875
0 0.3140625 0.509375 0.0140625 0.02421875
0 0.30390625 0.62734375 0.02421875 0.02890625
0 0.34375 0.56015625 0.0140625 0.02421875
0 0.37109375 0.50703125 0.0140625 0.01953125
0 0.415625 0.57421875 0.0140625 0.01953125
0 0.48203125 0.54453125 0.009375 0.01953125
0 0.55625 0.5484375 0.0171875 0.01953125
0 0.5984375 0.57578125 0.009375 0.01171875