0 0.26796875 0.41015625 0.02890625 0.03359375
0 0.33046875 0.2875 0.021875 0.03359375
0 0.36640625 0.265625 0.0265625 0.0265625
0 0.3640625 0.27734375 0.0171875 0.01953125
0 0.36640625 0.30078125 0.01953125 0.0265625
0 0.35546875 0.328125 0.02890625 0.02421875
0 0.40234375 0.2796875 0.02421875 0.02421875
0 0.421875 0.29453125 0.0265625 0.0171875
0 0.50703125 0.3703125 0.00703125 0.02890625
0 0.50703125 0.2796875 0.03359375 0.0265625
0 0.52890625 0.2515625 0.02890625 0.0359375
0 0.61171875 0.37265625 0.0171875 0.02421875
0 0.67578125 0.31015625 0.01953125 0.0140625
0 0.77734375 0.30546875 0.0359375 0.03125
0 0.5046875 0.46484375 0.0484375 0.0359375
0 0.59765625 0.44921875 0.00234375 0.00234375