0 0.4484375 0.953125 0.021875 0.021875
0 0.52734375 0.82421875 0.04296875 0.02421875
0 0.42421875 0.84765625 0.02421875 0.021875
0 0.428125 0.81484375 0.03359375 0.021875
0 0.4171875 0.7875 0.0265625 0.01953125
0 0.4203125 0.77734375 0.021875 0.0140625
0 0.41328125 0.7546875 0.0265625 0.01171875
0 0.41484375 0.728125 0.0265625 0.0171875
0 0.4 0.70078125 0.0265625 0.02421875
0 0.609375 0.321875 0.03828125 0.0171875
0 0.40234375 0.30546875 0.03359375 0.0171875
0 0.4265625 0.29453125 0.0453125 0.01953125
0 0.490625 0.28984375 0.0265625 0.0171875
0 0.5 0.2703125 0.03359375 0.01171875
0 0.521875 0.2796875 0.01953125 0.0171875
0 0.553125 0.2796875 0.03828125 0.01171875
0 0.5765625 0.28828125 0.06953125 0.0140625
0 0.66015625 0.28515625 0.02890625 0.01953125
0 0.70546875 0.303125 0.0484375 0.021875
0 0.73828125 0.30546875 0.06015625 0.021875
0 0.74765625 0.28125 0.02421875 0.021875
0 0.94921875 0.209375 0.03125 0.0140625
0 0.93984375 0.19140625 0.0359375 0.01171875
0 0.94453125 0.1765625 0.03125 0.01171875
0 0.9375 0.1578125 0.06015625 0.0140625
0 0.9890625 0.1578125 0.021875 0.0140625
0 0.98203125 0.1828125 0.01953125 0.0171875
0 0.921875 0.10234375 0.04296875 0.02421875
0 0.9359375 0.071875 0.03359375 0.03125
0 0.96484375 0.06875 0.02890625 0.0171875
0 0.8890625 0.05546875 0.0265625 0.02421875
0 0.86796875 0.015625 0.03359375 0.0171875
0 0.81015625 0.0328125 0.0265625 0.01953125
0 0.725 0.0296875 0.03828125 0.021875
0 0.66796875 0.00859375 0.03359375 0.009375
0 0.6671875 0.040625 0.03828125 0.02890625
0 0.63125 0.0265625 0.0265625 0.021875
0 0.6 0.040625 0.0171875 0.01953125
0 0.55390625 0.084375 0.02890625 0.021875
0 0.60703125 0.0734375 0.05078125 0.02421875
0 0.4359375 0.1421875 0.02421875 0.01953125
0 0.42890625 0.15625 0.03828125 0.02421875
0 0.3578125 0.165625 0.02421875 0.0140625
0 0.31015625 0.1859375 0.02421875 0.0140625
0 0.3640625 0.18984375 0.040625 0.01953125
0 0.3921875 0.18359375 0.01953125 0.021875
0 0.43046875 0.18515625 0.01171875 0.0140625
0 0.29296875 0.21171875 0.06015625 0.01953125