0 0.31953125 0.4546875 0.0140625 0.0265625
0 0.33515625 0.4734375 0.0171875 0.0484375
0 0.35546875 0.475 0.021875 0.0265625
0 0.36328125 0.46484375 0.021875 0.02890625
0 0.37265625 0.49375 0.0171875 0.02421875
0 0.38359375 0.4625 0.02421875 0.03828125
0 0.40625 0.5109375 0.0265625 0.0359375
0 0.45078125 0.51953125 0.03359375 0.053125
0 0.41328125 0.49140625 0.0265625 0.04296875
0 0.42890625 0.49140625 0.02890625 0.02890625
0 0.41796875 0.46640625 0.0359375 0.0265625
0 0.4484375 0.47734375 0.03125 0.03125
0 0.4625 0.4625 0.0484375 0.0359375
0 0.4734375 0.49140625 0.02890625 0.02890625