0 0.1359375 0.45078125 0.05546875 0.0671875
0 0.16953125 0.3703125 0.06015625 0.0765625
0 0.27421875 0.396875 0.03359375 0.08671875
0 0.328125 0.40625 0.03125 0.07421875
0 0.42421875 0.3484375 0.06015625 0.09609375
0 0.3078125 0.4828125 0.04296875 0.08671875
0 0.3328125 0.5265625 0.05078125 0.1203125
0 0.365625 0.59609375 0.0359375 0.0890625
0 0.4078125 0.55546875 0.040625 0.0671875
0 0.39921875 0.63203125 0.0359375 0.0984375
0 0.42890625 0.4640625 0.0484375 0.08671875
0 0.4578125 0.5484375 0.0453125 0.10078125
0 0.54296875 0.5515625 0.08203125 0.10078125
0 0.571875 0.615625 0.05078125 0.053125
0 0.57421875 0.7078125 0.0484375 0.09140625
0 0.0796875 0.9625 0.06484375 0.07421875