0 0.10078125 0.21015625 0.10078125 0.18046875
0 0.4203125 0.16484375 0.084375 0.1515625
0 0.5578125 0.13359375 0.084375 0.12265625
0 0.59609375 0.24765625 0.0890625 0.125
0 0.63671875 0.17578125 0.040625 0.08203125
0 0.6671875 0.1359375 0.053125 0.084375
0 0.7234375 0.16328125 0.06484375 0.0765625
0 0.6578125 0.2125 0.11796875 0.09609375
0 0.73046875 0.28984375 0.10546875 0.12734375
0 0.8265625 0.2390625 0.125 0.1078125
0 0.8640625 0.18046875 0.06015625 0.10078125
0 0.91484375 0.08984375 0.08203125 0.09375
0 0.96484375 0.1234375 0.06953125 0.0984375
0 0.91796875 0.15390625 0.04296875 0.08671875
0 0.92421875 0.225 0.06953125 0.0890625
0 0.890625 0.57421875 0.09609375 0.24765625
0 0.62734375 0.65859375 0.11796875 0.2359375
0 0.71875 0.8703125 0.09375 0.24296875
0 0.51328125 0.73828125 0.05078125 0.1421875
0 0.58671875 0.55078125 0.06484375 0.2015625
0 0.5484375 0.5828125 0.04296875 0.14921875
0 0.50859375 0.6234375 0.0265625 0.0796875
0 0.3375 0.8390625 0.0453125 0.2671875
0 0.11796875 0.615625 0.125 0.1515625
0 0.0921875 0.75234375 0.040625 0.18046875
0 0.1625 0.70078125 0.0359375 0.165625
0 0.2234375 0.625 0.10078125 0.1296875
0 0.26171875 0.71015625 0.053125 0.2015625
0 0.25859375 0.50703125 0.0890625 0.10078125
0 0.35546875 0.48046875 0.14921875 0.09375
0 0.4703125 0.48046875 0.09140625 0.08671875
0 0.4375 0.60234375 0.1296875 0.18046875
0 0.3296875 0.56953125 0.1203125 0.12265625
0 0.3390625 0.6578125 0.0984375 0.09140625